4x7
1    2 4 12: 1:(0.50,1,2) 2:(0.33,1,3) 4:(0.25,1,4) 23:(0.92,11,12) 
2    2 4 12: 1:(0.50,1,2) 2:(0.33,1,3) 6:(0.75,3,4) 23:(0.42,5,12) 
3    2 4 30: 1:(0.50,1,2) 2:(0.33,1,3) 7:(0.20,1,5) 23:(0.97,29,30) 
4    2 4 30: 1:(0.50,1,2) 2:(0.33,1,3) 8:(0.40,2,5) 23:(0.77,23,30) 
5    2 4 30: 1:(0.50,1,2) 2:(0.33,1,3) 9:(0.60,3,5) 23:(0.57,17,30) 
6    2 4 30: 1:(0.50,1,2) 2:(0.33,1,3) 10:(0.80,4,5) 23:(0.37,11,30) 
7    1 4 42: 1:(0.50,1,2) 2:(0.33,1,3) 16:(0.14,1,7) 23:(0.02,1,42) 
8    2 4 42: 1:(0.50,1,2) 2:(0.33,1,3) 17:(0.29,2,7) 23:(0.88,37,42) 
9    2 4 42: 1:(0.50,1,2) 2:(0.33,1,3) 18:(0.43,3,7) 23:(0.74,31,42) 
10    2 4 42: 1:(0.50,1,2) 2:(0.33,1,3) 19:(0.57,4,7) 23:(0.60,25,42) 
11    2 4 42: 1:(0.50,1,2) 2:(0.33,1,3) 20:(0.71,5,7) 23:(0.45,19,42) 
12    2 4 42: 1:(0.50,1,2) 2:(0.33,1,3) 21:(0.86,6,7) 23:(0.31,13,42) 
13    2 4 12: 1:(0.50,1,2) 3:(0.67,2,3) 4:(0.25,1,4) 23:(0.58,7,12) 
14    2 4 12: 1:(0.50,1,2) 3:(0.67,2,3) 6:(0.75,3,4) 23:(0.08,1,12) 
15    2 4 30: 1:(0.50,1,2) 3:(0.67,2,3) 7:(0.20,1,5) 23:(0.63,19,30) 
16    2 4 30: 1:(0.50,1,2) 3:(0.67,2,3) 8:(0.40,2,5) 23:(0.43,13,30) 
17    2 4 30: 1:(0.50,1,2) 3:(0.67,2,3) 9:(0.60,3,5) 23:(0.23,7,30) 
18    2 4 30: 1:(0.50,1,2) 3:(0.67,2,3) 10:(0.80,4,5) 23:(0.03,1,30) 
19    2 4 42: 1:(0.50,1,2) 3:(0.67,2,3) 16:(0.14,1,7) 23:(0.69,29,42) 
20    2 4 42: 1:(0.50,1,2) 3:(0.67,2,3) 17:(0.29,2,7) 23:(0.55,23,42) 
21    2 4 42: 1:(0.50,1,2) 3:(0.67,2,3) 18:(0.43,3,7) 23:(0.40,17,42) 
22    2 4 42: 1:(0.50,1,2) 3:(0.67,2,3) 19:(0.57,4,7) 23:(0.26,11,42) 
23    2 4 42: 1:(0.50,1,2) 3:(0.67,2,3) 20:(0.71,5,7) 23:(0.12,5,42) 
24    3 4 42: 1:(0.50,1,2) 3:(0.67,2,3) 21:(0.86,6,7) 23:(0.98,41,42) 
25    1 4 20: 1:(0.50,1,2) 4:(0.25,1,4) 7:(0.20,1,5) 23:(0.05,1,20) 
26    2 4 20: 1:(0.50,1,2) 4:(0.25,1,4) 8:(0.40,2,5) 23:(0.85,17,20) 
27    2 4 20: 1:(0.50,1,2) 4:(0.25,1,4) 9:(0.60,3,5) 23:(0.65,13,20) 
28    2 4 20: 1:(0.50,1,2) 4:(0.25,1,4) 10:(0.80,4,5) 23:(0.45,9,20) 
29    1 4 12: 1:(0.50,1,2) 4:(0.25,1,4) 11:(0.17,1,6) 23:(0.08,1,12) 
30    2 4 12: 1:(0.50,1,2) 4:(0.25,1,4) 12:(0.33,2,6) 23:(0.92,11,12) 
31    2 4 12: 1:(0.50,1,2) 4:(0.25,1,4) 14:(0.67,4,6) 23:(0.58,7,12) 
32    2 4 12: 1:(0.50,1,2) 4:(0.25,1,4) 15:(0.83,5,6) 23:(0.42,5,12) 
33    1 4 28: 1:(0.50,1,2) 4:(0.25,1,4) 16:(0.14,1,7) 23:(0.11,3,28) 
34    2 4 28: 1:(0.50,1,2) 4:(0.25,1,4) 17:(0.29,2,7) 23:(0.96,27,28) 
35    2 4 28: 1:(0.50,1,2) 4:(0.25,1,4) 18:(0.43,3,7) 23:(0.82,23,28) 
36    2 4 28: 1:(0.50,1,2) 4:(0.25,1,4) 19:(0.57,4,7) 23:(0.68,19,28) 
37    2 4 28: 1:(0.50,1,2) 4:(0.25,1,4) 20:(0.71,5,7) 23:(0.54,15,28) 
38    2 4 28: 1:(0.50,1,2) 4:(0.25,1,4) 21:(0.86,6,7) 23:(0.39,11,28) 
39    2 4 20: 1:(0.50,1,2) 6:(0.75,3,4) 7:(0.20,1,5) 23:(0.55,11,20) 
40    2 4 20: 1:(0.50,1,2) 6:(0.75,3,4) 8:(0.40,2,5) 23:(0.35,7,20) 
41    2 4 20: 1:(0.50,1,2) 6:(0.75,3,4) 9:(0.60,3,5) 23:(0.15,3,20) 
42    3 4 20: 1:(0.50,1,2) 6:(0.75,3,4) 10:(0.80,4,5) 23:(0.95,19,20) 
43    2 4 12: 1:(0.50,1,2) 6:(0.75,3,4) 11:(0.17,1,6) 23:(0.58,7,12) 
44    2 4 12: 1:(0.50,1,2) 6:(0.75,3,4) 12:(0.33,2,6) 23:(0.42,5,12) 
45    2 4 12: 1:(0.50,1,2) 6:(0.75,3,4) 14:(0.67,4,6) 23:(0.08,1,12) 
46    3 4 12: 1:(0.50,1,2) 6:(0.75,3,4) 15:(0.83,5,6) 23:(0.92,11,12) 
47    2 4 28: 1:(0.50,1,2) 6:(0.75,3,4) 16:(0.14,1,7) 23:(0.61,17,28) 
48    2 4 28: 1:(0.50,1,2) 6:(0.75,3,4) 17:(0.29,2,7) 23:(0.46,13,28) 
49    2 4 28: 1:(0.50,1,2) 6:(0.75,3,4) 18:(0.43,3,7) 23:(0.32,9,28) 
50    2 4 28: 1:(0.50,1,2) 6:(0.75,3,4) 19:(0.57,4,7) 23:(0.18,5,28) 
51    2 4 28: 1:(0.50,1,2) 6:(0.75,3,4) 20:(0.71,5,7) 23:(0.04,1,28) 
52    3 4 28: 1:(0.50,1,2) 6:(0.75,3,4) 21:(0.86,6,7) 23:(0.89,25,28) 
53    1 4 10: 1:(0.50,1,2) 7:(0.20,1,5) 7:(0.20,1,5) 23:(0.10,1,10) 
54    2 4 10: 1:(0.50,1,2) 7:(0.20,1,5) 8:(0.40,2,5) 23:(0.90,9,10) 
55    2 4 10: 1:(0.50,1,2) 7:(0.20,1,5) 9:(0.60,3,5) 23:(0.70,7,10) 
56    1 4 30: 1:(0.50,1,2) 7:(0.20,1,5) 11:(0.17,1,6) 23:(0.13,4,30) 
57    2 4 30: 1:(0.50,1,2) 7:(0.20,1,5) 12:(0.33,2,6) 23:(0.97,29,30) 
58    2 4 30: 1:(0.50,1,2) 7:(0.20,1,5) 14:(0.67,4,6) 23:(0.63,19,30) 
59    2 4 30: 1:(0.50,1,2) 7:(0.20,1,5) 15:(0.83,5,6) 23:(0.47,14,30) 
60    1 4 70: 1:(0.50,1,2) 7:(0.20,1,5) 16:(0.14,1,7) 23:(0.16,11,70) 
61    1 4 70: 1:(0.50,1,2) 7:(0.20,1,5) 17:(0.29,2,7) 23:(0.01,1,70) 
62    2 4 70: 1:(0.50,1,2) 7:(0.20,1,5) 18:(0.43,3,7) 23:(0.87,61,70) 
63    2 4 70: 1:(0.50,1,2) 7:(0.20,1,5) 19:(0.57,4,7) 23:(0.73,51,70) 
64    2 4 70: 1:(0.50,1,2) 7:(0.20,1,5) 20:(0.71,5,7) 23:(0.59,41,70) 
65    2 4 70: 1:(0.50,1,2) 7:(0.20,1,5) 21:(0.86,6,7) 23:(0.44,31,70) 
66    2 4 10: 1:(0.50,1,2) 8:(0.40,2,5) 8:(0.40,2,5) 23:(0.70,7,10) 
67    2 4 10: 1:(0.50,1,2) 8:(0.40,2,5) 10:(0.80,4,5) 23:(0.30,3,10) 
68    2 4 30: 1:(0.50,1,2) 8:(0.40,2,5) 11:(0.17,1,6) 23:(0.93,28,30) 
69    2 4 30: 1:(0.50,1,2) 8:(0.40,2,5) 12:(0.33,2,6) 23:(0.77,23,30) 
70    2 4 30: 1:(0.50,1,2) 8:(0.40,2,5) 14:(0.67,4,6) 23:(0.43,13,30) 
71    2 4 30: 1:(0.50,1,2) 8:(0.40,2,5) 15:(0.83,5,6) 23:(0.27,8,30) 
72    2 4 70: 1:(0.50,1,2) 8:(0.40,2,5) 16:(0.14,1,7) 23:(0.96,67,70) 
73    2 4 70: 1:(0.50,1,2) 8:(0.40,2,5) 17:(0.29,2,7) 23:(0.81,57,70) 
74    2 4 70: 1:(0.50,1,2) 8:(0.40,2,5) 18:(0.43,3,7) 23:(0.67,47,70) 
75    2 4 70: 1:(0.50,1,2) 8:(0.40,2,5) 19:(0.57,4,7) 23:(0.53,37,70) 
76    2 4 70: 1:(0.50,1,2) 8:(0.40,2,5) 20:(0.71,5,7) 23:(0.39,27,70) 
77    2 4 70: 1:(0.50,1,2) 8:(0.40,2,5) 21:(0.86,6,7) 23:(0.24,17,70) 
78    2 4 10: 1:(0.50,1,2) 9:(0.60,3,5) 9:(0.60,3,5) 23:(0.30,3,10) 
79    2 4 10: 1:(0.50,1,2) 9:(0.60,3,5) 10:(0.80,4,5) 23:(0.10,1,10) 
80    2 4 30: 1:(0.50,1,2) 9:(0.60,3,5) 11:(0.17,1,6) 23:(0.73,22,30) 
81    2 4 30: 1:(0.50,1,2) 9:(0.60,3,5) 12:(0.33,2,6) 23:(0.57,17,30) 
82    2 4 30: 1:(0.50,1,2) 9:(0.60,3,5) 14:(0.67,4,6) 23:(0.23,7,30) 
83    2 4 30: 1:(0.50,1,2) 9:(0.60,3,5) 15:(0.83,5,6) 23:(0.07,2,30) 
84    2 4 70: 1:(0.50,1,2) 9:(0.60,3,5) 16:(0.14,1,7) 23:(0.76,53,70) 
85    2 4 70: 1:(0.50,1,2) 9:(0.60,3,5) 17:(0.29,2,7) 23:(0.61,43,70) 
86    2 4 70: 1:(0.50,1,2) 9:(0.60,3,5) 18:(0.43,3,7) 23:(0.47,33,70) 
87    2 4 70: 1:(0.50,1,2) 9:(0.60,3,5) 19:(0.57,4,7) 23:(0.33,23,70) 
88    2 4 70: 1:(0.50,1,2) 9:(0.60,3,5) 20:(0.71,5,7) 23:(0.19,13,70) 
89    2 4 70: 1:(0.50,1,2) 9:(0.60,3,5) 21:(0.86,6,7) 23:(0.04,3,70) 
90    3 4 10: 1:(0.50,1,2) 10:(0.80,4,5) 10:(0.80,4,5) 23:(0.90,9,10) 
91    2 4 30: 1:(0.50,1,2) 10:(0.80,4,5) 11:(0.17,1,6) 23:(0.53,16,30) 
92    2 4 30: 1:(0.50,1,2) 10:(0.80,4,5) 12:(0.33,2,6) 23:(0.37,11,30) 
93    2 4 30: 1:(0.50,1,2) 10:(0.80,4,5) 14:(0.67,4,6) 23:(0.03,1,30) 
94    3 4 30: 1:(0.50,1,2) 10:(0.80,4,5) 15:(0.83,5,6) 23:(0.87,26,30) 
95    2 4 70: 1:(0.50,1,2) 10:(0.80,4,5) 16:(0.14,1,7) 23:(0.56,39,70) 
96    2 4 70: 1:(0.50,1,2) 10:(0.80,4,5) 17:(0.29,2,7) 23:(0.41,29,70) 
97    2 4 70: 1:(0.50,1,2) 10:(0.80,4,5) 18:(0.43,3,7) 23:(0.27,19,70) 
98    2 4 70: 1:(0.50,1,2) 10:(0.80,4,5) 19:(0.57,4,7) 23:(0.13,9,70) 
99    3 4 70: 1:(0.50,1,2) 10:(0.80,4,5) 20:(0.71,5,7) 23:(0.99,69,70) 
100    3 4 70: 1:(0.50,1,2) 10:(0.80,4,5) 21:(0.86,6,7) 23:(0.84,59,70) 
101    1 4 42: 1:(0.50,1,2) 11:(0.17,1,6) 16:(0.14,1,7) 23:(0.19,8,42) 
102    1 4 42: 1:(0.50,1,2) 11:(0.17,1,6) 17:(0.29,2,7) 23:(0.05,2,42) 
103    2 4 42: 1:(0.50,1,2) 11:(0.17,1,6) 18:(0.43,3,7) 23:(0.90,38,42) 
104    2 4 42: 1:(0.50,1,2) 11:(0.17,1,6) 19:(0.57,4,7) 23:(0.76,32,42) 
105    2 4 42: 1:(0.50,1,2) 11:(0.17,1,6) 20:(0.71,5,7) 23:(0.62,26,42) 
106    2 4 42: 1:(0.50,1,2) 11:(0.17,1,6) 21:(0.86,6,7) 23:(0.48,20,42) 
107    1 4 42: 1:(0.50,1,2) 12:(0.33,2,6) 16:(0.14,1,7) 23:(0.02,1,42) 
108    2 4 42: 1:(0.50,1,2) 12:(0.33,2,6) 17:(0.29,2,7) 23:(0.88,37,42) 
109    2 4 42: 1:(0.50,1,2) 12:(0.33,2,6) 18:(0.43,3,7) 23:(0.74,31,42) 
110    2 4 42: 1:(0.50,1,2) 12:(0.33,2,6) 19:(0.57,4,7) 23:(0.60,25,42) 
111    2 4 42: 1:(0.50,1,2) 12:(0.33,2,6) 20:(0.71,5,7) 23:(0.45,19,42) 
112    2 4 42: 1:(0.50,1,2) 12:(0.33,2,6) 21:(0.86,6,7) 23:(0.31,13,42) 
113    2 4 42: 1:(0.50,1,2) 14:(0.67,4,6) 16:(0.14,1,7) 23:(0.69,29,42) 
114    2 4 42: 1:(0.50,1,2) 14:(0.67,4,6) 17:(0.29,2,7) 23:(0.55,23,42) 
115    2 4 42: 1:(0.50,1,2) 14:(0.67,4,6) 18:(0.43,3,7) 23:(0.40,17,42) 
116    2 4 42: 1:(0.50,1,2) 14:(0.67,4,6) 19:(0.57,4,7) 23:(0.26,11,42) 
117    2 4 42: 1:(0.50,1,2) 14:(0.67,4,6) 20:(0.71,5,7) 23:(0.12,5,42) 
118    3 4 42: 1:(0.50,1,2) 14:(0.67,4,6) 21:(0.86,6,7) 23:(0.98,41,42) 
119    2 4 42: 1:(0.50,1,2) 15:(0.83,5,6) 16:(0.14,1,7) 23:(0.52,22,42) 
120    2 4 42: 1:(0.50,1,2) 15:(0.83,5,6) 17:(0.29,2,7) 23:(0.38,16,42) 
121    2 4 42: 1:(0.50,1,2) 15:(0.83,5,6) 18:(0.43,3,7) 23:(0.24,10,42) 
122    2 4 42: 1:(0.50,1,2) 15:(0.83,5,6) 19:(0.57,4,7) 23:(0.10,4,42) 
123    3 4 42: 1:(0.50,1,2) 15:(0.83,5,6) 20:(0.71,5,7) 23:(0.95,40,42) 
124    3 4 42: 1:(0.50,1,2) 15:(0.83,5,6) 21:(0.86,6,7) 23:(0.81,34,42) 
125    1 4 14: 1:(0.50,1,2) 16:(0.14,1,7) 16:(0.14,1,7) 23:(0.21,3,14) 
126    1 4 14: 1:(0.50,1,2) 16:(0.14,1,7) 17:(0.29,2,7) 23:(0.07,1,14) 
127    2 4 14: 1:(0.50,1,2) 16:(0.14,1,7) 18:(0.43,3,7) 23:(0.93,13,14) 
128    2 4 14: 1:(0.50,1,2) 16:(0.14,1,7) 19:(0.57,4,7) 23:(0.79,11,14) 
129    2 4 14: 1:(0.50,1,2) 16:(0.14,1,7) 20:(0.71,5,7) 23:(0.64,9,14) 
130    2 4 14: 1:(0.50,1,2) 17:(0.29,2,7) 17:(0.29,2,7) 23:(0.93,13,14) 
131    2 4 14: 1:(0.50,1,2) 17:(0.29,2,7) 18:(0.43,3,7) 23:(0.79,11,14) 
132    2 4 14: 1:(0.50,1,2) 17:(0.29,2,7) 19:(0.57,4,7) 23:(0.64,9,14) 
133    2 4 14: 1:(0.50,1,2) 17:(0.29,2,7) 21:(0.86,6,7) 23:(0.36,5,14) 
134    2 4 14: 1:(0.50,1,2) 18:(0.43,3,7) 18:(0.43,3,7) 23:(0.64,9,14) 
135    2 4 14: 1:(0.50,1,2) 18:(0.43,3,7) 20:(0.71,5,7) 23:(0.36,5,14) 
136    2 4 14: 1:(0.50,1,2) 18:(0.43,3,7) 21:(0.86,6,7) 23:(0.21,3,14) 
137    2 4 14: 1:(0.50,1,2) 19:(0.57,4,7) 19:(0.57,4,7) 23:(0.36,5,14) 
138    2 4 14: 1:(0.50,1,2) 19:(0.57,4,7) 20:(0.71,5,7) 23:(0.21,3,14) 
139    2 4 14: 1:(0.50,1,2) 19:(0.57,4,7) 21:(0.86,6,7) 23:(0.07,1,14) 
140    2 4 14: 1:(0.50,1,2) 20:(0.71,5,7) 20:(0.71,5,7) 23:(0.07,1,14) 
141    3 4 14: 1:(0.50,1,2) 20:(0.71,5,7) 21:(0.86,6,7) 23:(0.93,13,14) 
142    3 4 14: 1:(0.50,1,2) 21:(0.86,6,7) 21:(0.86,6,7) 23:(0.79,11,14) 
143    1 4 12: 2:(0.33,1,3) 2:(0.33,1,3) 4:(0.25,1,4) 23:(0.08,1,12) 
144    2 4 12: 2:(0.33,1,3) 2:(0.33,1,3) 5:(0.50,2,4) 23:(0.83,10,12) 
145    2 4 12: 2:(0.33,1,3) 2:(0.33,1,3) 6:(0.75,3,4) 23:(0.58,7,12) 
146    1 4 15: 2:(0.33,1,3) 2:(0.33,1,3) 7:(0.20,1,5) 23:(0.13,2,15) 
147    2 4 15: 2:(0.33,1,3) 2:(0.33,1,3) 8:(0.40,2,5) 23:(0.93,14,15) 
148    2 4 15: 2:(0.33,1,3) 2:(0.33,1,3) 9:(0.60,3,5) 23:(0.73,11,15) 
149    2 4 15: 2:(0.33,1,3) 2:(0.33,1,3) 10:(0.80,4,5) 23:(0.53,8,15) 
150    1 4 21: 2:(0.33,1,3) 2:(0.33,1,3) 16:(0.14,1,7) 23:(0.19,4,21) 
151    1 4 21: 2:(0.33,1,3) 2:(0.33,1,3) 17:(0.29,2,7) 23:(0.05,1,21) 
152    2 4 21: 2:(0.33,1,3) 2:(0.33,1,3) 18:(0.43,3,7) 23:(0.90,19,21) 
153    2 4 21: 2:(0.33,1,3) 2:(0.33,1,3) 19:(0.57,4,7) 23:(0.76,16,21) 
154    2 4 21: 2:(0.33,1,3) 2:(0.33,1,3) 20:(0.71,5,7) 23:(0.62,13,21) 
155    2 4 21: 2:(0.33,1,3) 2:(0.33,1,3) 21:(0.86,6,7) 23:(0.48,10,21) 
156    1 4 12: 2:(0.33,1,3) 4:(0.25,1,4) 4:(0.25,1,4) 23:(0.17,2,12) 
157    2 4 12: 2:(0.33,1,3) 4:(0.25,1,4) 5:(0.50,2,4) 23:(0.92,11,12) 
158    1 4 60: 2:(0.33,1,3) 4:(0.25,1,4) 7:(0.20,1,5) 23:(0.22,13,60) 
159    1 4 60: 2:(0.33,1,3) 4:(0.25,1,4) 8:(0.40,2,5) 23:(0.02,1,60) 
160    2 4 60: 2:(0.33,1,3) 4:(0.25,1,4) 9:(0.60,3,5) 23:(0.82,49,60) 
161    2 4 60: 2:(0.33,1,3) 4:(0.25,1,4) 10:(0.80,4,5) 23:(0.62,37,60) 
162    1 4 12: 2:(0.33,1,3) 4:(0.25,1,4) 11:(0.17,1,6) 23:(0.25,3,12) 
163    1 4 12: 2:(0.33,1,3) 4:(0.25,1,4) 12:(0.33,2,6) 23:(0.08,1,12) 
164    2 4 12: 2:(0.33,1,3) 4:(0.25,1,4) 13:(0.50,3,6) 23:(0.92,11,12) 
165    2 4 12: 2:(0.33,1,3) 4:(0.25,1,4) 15:(0.83,5,6) 23:(0.58,7,12) 
166    1 4 84: 2:(0.33,1,3) 4:(0.25,1,4) 16:(0.14,1,7) 23:(0.27,23,84) 
167    1 4 84: 2:(0.33,1,3) 4:(0.25,1,4) 17:(0.29,2,7) 23:(0.13,11,84) 
168    2 4 84: 2:(0.33,1,3) 4:(0.25,1,4) 18:(0.43,3,7) 23:(0.99,83,84) 
169    2 4 84: 2:(0.33,1,3) 4:(0.25,1,4) 19:(0.57,4,7) 23:(0.85,71,84) 
170    2 4 84: 2:(0.33,1,3) 4:(0.25,1,4) 20:(0.71,5,7) 23:(0.70,59,84) 
171    2 4 84: 2:(0.33,1,3) 4:(0.25,1,4) 21:(0.86,6,7) 23:(0.56,47,84) 
172    2 4 12: 2:(0.33,1,3) 5:(0.50,2,4) 6:(0.75,3,4) 23:(0.42,5,12) 
173    2 4 60: 2:(0.33,1,3) 5:(0.50,2,4) 7:(0.20,1,5) 23:(0.97,58,60) 
174    2 4 60: 2:(0.33,1,3) 5:(0.50,2,4) 8:(0.40,2,5) 23:(0.77,46,60) 
175    2 4 60: 2:(0.33,1,3) 5:(0.50,2,4) 9:(0.60,3,5) 23:(0.57,34,60) 
176    2 4 60: 2:(0.33,1,3) 5:(0.50,2,4) 10:(0.80,4,5) 23:(0.37,22,60) 
177    2 4 12: 2:(0.33,1,3) 5:(0.50,2,4) 12:(0.33,2,6) 23:(0.83,10,12) 
178    2 4 12: 2:(0.33,1,3) 5:(0.50,2,4) 15:(0.83,5,6) 23:(0.33,4,12) 
179    1 4 84: 2:(0.33,1,3) 5:(0.50,2,4) 16:(0.14,1,7) 23:(0.02,2,84) 
180    2 4 84: 2:(0.33,1,3) 5:(0.50,2,4) 17:(0.29,2,7) 23:(0.88,74,84) 
181    2 4 84: 2:(0.33,1,3) 5:(0.50,2,4) 18:(0.43,3,7) 23:(0.74,62,84) 
182    2 4 84: 2:(0.33,1,3) 5:(0.50,2,4) 19:(0.57,4,7) 23:(0.60,50,84) 
183    2 4 84: 2:(0.33,1,3) 5:(0.50,2,4) 20:(0.71,5,7) 23:(0.45,38,84) 
184    2 4 84: 2:(0.33,1,3) 5:(0.50,2,4) 21:(0.86,6,7) 23:(0.31,26,84) 
185    2 4 12: 2:(0.33,1,3) 6:(0.75,3,4) 6:(0.75,3,4) 23:(0.17,2,12) 
186    2 4 60: 2:(0.33,1,3) 6:(0.75,3,4) 7:(0.20,1,5) 23:(0.72,43,60) 
187    2 4 60: 2:(0.33,1,3) 6:(0.75,3,4) 8:(0.40,2,5) 23:(0.52,31,60) 
188    2 4 60: 2:(0.33,1,3) 6:(0.75,3,4) 9:(0.60,3,5) 23:(0.32,19,60) 
189    2 4 60: 2:(0.33,1,3) 6:(0.75,3,4) 10:(0.80,4,5) 23:(0.12,7,60) 
190    2 4 12: 2:(0.33,1,3) 6:(0.75,3,4) 11:(0.17,1,6) 23:(0.75,9,12) 
191    2 4 12: 2:(0.33,1,3) 6:(0.75,3,4) 12:(0.33,2,6) 23:(0.58,7,12) 
192    2 4 12: 2:(0.33,1,3) 6:(0.75,3,4) 13:(0.50,3,6) 23:(0.42,5,12) 
193    2 4 12: 2:(0.33,1,3) 6:(0.75,3,4) 15:(0.83,5,6) 23:(0.08,1,12) 
194    2 4 84: 2:(0.33,1,3) 6:(0.75,3,4) 16:(0.14,1,7) 23:(0.77,65,84) 
195    2 4 84: 2:(0.33,1,3) 6:(0.75,3,4) 17:(0.29,2,7) 23:(0.63,53,84) 
196    2 4 84: 2:(0.33,1,3) 6:(0.75,3,4) 18:(0.43,3,7) 23:(0.49,41,84) 
197    2 4 84: 2:(0.33,1,3) 6:(0.75,3,4) 19:(0.57,4,7) 23:(0.35,29,84) 
198    2 4 84: 2:(0.33,1,3) 6:(0.75,3,4) 20:(0.71,5,7) 23:(0.20,17,84) 
199    2 4 84: 2:(0.33,1,3) 6:(0.75,3,4) 21:(0.86,6,7) 23:(0.06,5,84) 
200    1 4 15: 2:(0.33,1,3) 7:(0.20,1,5) 7:(0.20,1,5) 23:(0.27,4,15) 
201    1 4 15: 2:(0.33,1,3) 7:(0.20,1,5) 8:(0.40,2,5) 23:(0.07,1,15) 
202    2 4 15: 2:(0.33,1,3) 7:(0.20,1,5) 9:(0.60,3,5) 23:(0.87,13,15) 
203    1 4 30: 2:(0.33,1,3) 7:(0.20,1,5) 11:(0.17,1,6) 23:(0.30,9,30) 
204    1 4 30: 2:(0.33,1,3) 7:(0.20,1,5) 12:(0.33,2,6) 23:(0.13,4,30) 
205    2 4 30: 2:(0.33,1,3) 7:(0.20,1,5) 13:(0.50,3,6) 23:(0.97,29,30) 
206    2 4 30: 2:(0.33,1,3) 7:(0.20,1,5) 15:(0.83,5,6) 23:(0.63,19,30) 
207    1 4 105: 2:(0.33,1,3) 7:(0.20,1,5) 16:(0.14,1,7) 23:(0.32,34,105) 
208    1 4 105: 2:(0.33,1,3) 7:(0.20,1,5) 17:(0.29,2,7) 23:(0.18,19,105) 
209    1 4 105: 2:(0.33,1,3) 7:(0.20,1,5) 18:(0.43,3,7) 23:(0.04,4,105) 
210    2 4 105: 2:(0.33,1,3) 7:(0.20,1,5) 19:(0.57,4,7) 23:(0.90,94,105) 
211    2 4 105: 2:(0.33,1,3) 7:(0.20,1,5) 20:(0.71,5,7) 23:(0.75,79,105) 
212    2 4 105: 2:(0.33,1,3) 7:(0.20,1,5) 21:(0.86,6,7) 23:(0.61,64,105) 
213    2 4 15: 2:(0.33,1,3) 8:(0.40,2,5) 8:(0.40,2,5) 23:(0.87,13,15) 
214    2 4 15: 2:(0.33,1,3) 8:(0.40,2,5) 10:(0.80,4,5) 23:(0.47,7,15) 
215    1 4 30: 2:(0.33,1,3) 8:(0.40,2,5) 11:(0.17,1,6) 23:(0.10,3,30) 
216    2 4 30: 2:(0.33,1,3) 8:(0.40,2,5) 12:(0.33,2,6) 23:(0.93,28,30) 
217    2 4 30: 2:(0.33,1,3) 8:(0.40,2,5) 13:(0.50,3,6) 23:(0.77,23,30) 
218    2 4 30: 2:(0.33,1,3) 8:(0.40,2,5) 15:(0.83,5,6) 23:(0.43,13,30) 
219    1 4 105: 2:(0.33,1,3) 8:(0.40,2,5) 16:(0.14,1,7) 23:(0.12,13,105) 
220    2 4 105: 2:(0.33,1,3) 8:(0.40,2,5) 17:(0.29,2,7) 23:(0.98,103,105) 
221    2 4 105: 2:(0.33,1,3) 8:(0.40,2,5) 18:(0.43,3,7) 23:(0.84,88,105) 
222    2 4 105: 2:(0.33,1,3) 8:(0.40,2,5) 19:(0.57,4,7) 23:(0.70,73,105) 
223    2 4 105: 2:(0.33,1,3) 8:(0.40,2,5) 20:(0.71,5,7) 23:(0.55,58,105) 
224    2 4 105: 2:(0.33,1,3) 8:(0.40,2,5) 21:(0.86,6,7) 23:(0.41,43,105) 
225    2 4 15: 2:(0.33,1,3) 9:(0.60,3,5) 9:(0.60,3,5) 23:(0.47,7,15) 
226    2 4 15: 2:(0.33,1,3) 9:(0.60,3,5) 10:(0.80,4,5) 23:(0.27,4,15) 
227    2 4 30: 2:(0.33,1,3) 9:(0.60,3,5) 11:(0.17,1,6) 23:(0.90,27,30) 
228    2 4 30: 2:(0.33,1,3) 9:(0.60,3,5) 12:(0.33,2,6) 23:(0.73,22,30) 
229    2 4 30: 2:(0.33,1,3) 9:(0.60,3,5) 13:(0.50,3,6) 23:(0.57,17,30) 
230    2 4 30: 2:(0.33,1,3) 9:(0.60,3,5) 15:(0.83,5,6) 23:(0.23,7,30) 
231    2 4 105: 2:(0.33,1,3) 9:(0.60,3,5) 16:(0.14,1,7) 23:(0.92,97,105) 
232    2 4 105: 2:(0.33,1,3) 9:(0.60,3,5) 17:(0.29,2,7) 23:(0.78,82,105) 
233    2 4 105: 2:(0.33,1,3) 9:(0.60,3,5) 18:(0.43,3,7) 23:(0.64,67,105) 
234    2 4 105: 2:(0.33,1,3) 9:(0.60,3,5) 19:(0.57,4,7) 23:(0.50,52,105) 
235    2 4 105: 2:(0.33,1,3) 9:(0.60,3,5) 20:(0.71,5,7) 23:(0.35,37,105) 
236    2 4 105: 2:(0.33,1,3) 9:(0.60,3,5) 21:(0.86,6,7) 23:(0.21,22,105) 
237    2 4 15: 2:(0.33,1,3) 10:(0.80,4,5) 10:(0.80,4,5) 23:(0.07,1,15) 
238    2 4 30: 2:(0.33,1,3) 10:(0.80,4,5) 11:(0.17,1,6) 23:(0.70,21,30) 
239    2 4 30: 2:(0.33,1,3) 10:(0.80,4,5) 12:(0.33,2,6) 23:(0.53,16,30) 
240    2 4 30: 2:(0.33,1,3) 10:(0.80,4,5) 13:(0.50,3,6) 23:(0.37,11,30) 
241    2 4 30: 2:(0.33,1,3) 10:(0.80,4,5) 15:(0.83,5,6) 23:(0.03,1,30) 
242    2 4 105: 2:(0.33,1,3) 10:(0.80,4,5) 16:(0.14,1,7) 23:(0.72,76,105) 
243    2 4 105: 2:(0.33,1,3) 10:(0.80,4,5) 17:(0.29,2,7) 23:(0.58,61,105) 
244    2 4 105: 2:(0.33,1,3) 10:(0.80,4,5) 18:(0.43,3,7) 23:(0.44,46,105) 
245    2 4 105: 2:(0.33,1,3) 10:(0.80,4,5) 19:(0.57,4,7) 23:(0.30,31,105) 
246    2 4 105: 2:(0.33,1,3) 10:(0.80,4,5) 20:(0.71,5,7) 23:(0.15,16,105) 
247    2 4 105: 2:(0.33,1,3) 10:(0.80,4,5) 21:(0.86,6,7) 23:(0.01,1,105) 
248    1 4 42: 2:(0.33,1,3) 11:(0.17,1,6) 16:(0.14,1,7) 23:(0.36,15,42) 
249    1 4 42: 2:(0.33,1,3) 11:(0.17,1,6) 17:(0.29,2,7) 23:(0.21,9,42) 
250    1 4 42: 2:(0.33,1,3) 11:(0.17,1,6) 18:(0.43,3,7) 23:(0.07,3,42) 
251    2 4 42: 2:(0.33,1,3) 11:(0.17,1,6) 19:(0.57,4,7) 23:(0.93,39,42) 
252    2 4 42: 2:(0.33,1,3) 11:(0.17,1,6) 20:(0.71,5,7) 23:(0.79,33,42) 
253    2 4 42: 2:(0.33,1,3) 11:(0.17,1,6) 21:(0.86,6,7) 23:(0.64,27,42) 
254    1 4 42: 2:(0.33,1,3) 12:(0.33,2,6) 16:(0.14,1,7) 23:(0.19,8,42) 
255    1 4 42: 2:(0.33,1,3) 12:(0.33,2,6) 17:(0.29,2,7) 23:(0.05,2,42) 
256    2 4 42: 2:(0.33,1,3) 12:(0.33,2,6) 18:(0.43,3,7) 23:(0.90,38,42) 
257    2 4 42: 2:(0.33,1,3) 12:(0.33,2,6) 19:(0.57,4,7) 23:(0.76,32,42) 
258    2 4 42: 2:(0.33,1,3) 12:(0.33,2,6) 20:(0.71,5,7) 23:(0.62,26,42) 
259    2 4 42: 2:(0.33,1,3) 12:(0.33,2,6) 21:(0.86,6,7) 23:(0.48,20,42) 
260    1 4 42: 2:(0.33,1,3) 13:(0.50,3,6) 16:(0.14,1,7) 23:(0.02,1,42) 
261    2 4 42: 2:(0.33,1,3) 13:(0.50,3,6) 17:(0.29,2,7) 23:(0.88,37,42) 
262    2 4 42: 2:(0.33,1,3) 13:(0.50,3,6) 18:(0.43,3,7) 23:(0.74,31,42) 
263    2 4 42: 2:(0.33,1,3) 13:(0.50,3,6) 19:(0.57,4,7) 23:(0.60,25,42) 
264    2 4 42: 2:(0.33,1,3) 13:(0.50,3,6) 20:(0.71,5,7) 23:(0.45,19,42) 
265    2 4 42: 2:(0.33,1,3) 13:(0.50,3,6) 21:(0.86,6,7) 23:(0.31,13,42) 
266    2 4 42: 2:(0.33,1,3) 15:(0.83,5,6) 16:(0.14,1,7) 23:(0.69,29,42) 
267    2 4 42: 2:(0.33,1,3) 15:(0.83,5,6) 17:(0.29,2,7) 23:(0.55,23,42) 
268    2 4 42: 2:(0.33,1,3) 15:(0.83,5,6) 18:(0.43,3,7) 23:(0.40,17,42) 
269    2 4 42: 2:(0.33,1,3) 15:(0.83,5,6) 19:(0.57,4,7) 23:(0.26,11,42) 
270    2 4 42: 2:(0.33,1,3) 15:(0.83,5,6) 20:(0.71,5,7) 23:(0.12,5,42) 
271    3 4 42: 2:(0.33,1,3) 15:(0.83,5,6) 21:(0.86,6,7) 23:(0.98,41,42) 
272    1 4 21: 2:(0.33,1,3) 16:(0.14,1,7) 16:(0.14,1,7) 23:(0.38,8,21) 
273    1 4 21: 2:(0.33,1,3) 16:(0.14,1,7) 17:(0.29,2,7) 23:(0.24,5,21) 
274    1 4 21: 2:(0.33,1,3) 16:(0.14,1,7) 18:(0.43,3,7) 23:(0.10,2,21) 
275    2 4 21: 2:(0.33,1,3) 16:(0.14,1,7) 19:(0.57,4,7) 23:(0.95,20,21) 
276    2 4 21: 2:(0.33,1,3) 16:(0.14,1,7) 20:(0.71,5,7) 23:(0.81,17,21) 
277    1 4 21: 2:(0.33,1,3) 17:(0.29,2,7) 17:(0.29,2,7) 23:(0.10,2,21) 
278    2 4 21: 2:(0.33,1,3) 17:(0.29,2,7) 18:(0.43,3,7) 23:(0.95,20,21) 
279    2 4 21: 2:(0.33,1,3) 17:(0.29,2,7) 19:(0.57,4,7) 23:(0.81,17,21) 
280    2 4 21: 2:(0.33,1,3) 17:(0.29,2,7) 21:(0.86,6,7) 23:(0.52,11,21) 
281    2 4 21: 2:(0.33,1,3) 18:(0.43,3,7) 18:(0.43,3,7) 23:(0.81,17,21) 
282    2 4 21: 2:(0.33,1,3) 18:(0.43,3,7) 20:(0.71,5,7) 23:(0.52,11,21) 
283    2 4 21: 2:(0.33,1,3) 18:(0.43,3,7) 21:(0.86,6,7) 23:(0.38,8,21) 
284    2 4 21: 2:(0.33,1,3) 19:(0.57,4,7) 19:(0.57,4,7) 23:(0.52,11,21) 
285    2 4 21: 2:(0.33,1,3) 19:(0.57,4,7) 20:(0.71,5,7) 23:(0.38,8,21) 
286    2 4 21: 2:(0.33,1,3) 19:(0.57,4,7) 21:(0.86,6,7) 23:(0.24,5,21) 
287    2 4 21: 2:(0.33,1,3) 20:(0.71,5,7) 20:(0.71,5,7) 23:(0.24,5,21) 
288    2 4 21: 2:(0.33,1,3) 20:(0.71,5,7) 21:(0.86,6,7) 23:(0.10,2,21) 
289    3 4 21: 2:(0.33,1,3) 21:(0.86,6,7) 21:(0.86,6,7) 23:(0.95,20,21) 
290    2 4 12: 3:(0.67,2,3) 3:(0.67,2,3) 4:(0.25,1,4) 23:(0.42,5,12) 
291    2 4 12: 3:(0.67,2,3) 3:(0.67,2,3) 5:(0.50,2,4) 23:(0.17,2,12) 
292    3 4 12: 3:(0.67,2,3) 3:(0.67,2,3) 6:(0.75,3,4) 23:(0.92,11,12) 
293    2 4 15: 3:(0.67,2,3) 3:(0.67,2,3) 7:(0.20,1,5) 23:(0.47,7,15) 
294    2 4 15: 3:(0.67,2,3) 3:(0.67,2,3) 8:(0.40,2,5) 23:(0.27,4,15) 
295    2 4 15: 3:(0.67,2,3) 3:(0.67,2,3) 9:(0.60,3,5) 23:(0.07,1,15) 
296    3 4 15: 3:(0.67,2,3) 3:(0.67,2,3) 10:(0.80,4,5) 23:(0.87,13,15) 
297    2 4 21: 3:(0.67,2,3) 3:(0.67,2,3) 16:(0.14,1,7) 23:(0.52,11,21) 
298    2 4 21: 3:(0.67,2,3) 3:(0.67,2,3) 17:(0.29,2,7) 23:(0.38,8,21) 
299    2 4 21: 3:(0.67,2,3) 3:(0.67,2,3) 18:(0.43,3,7) 23:(0.24,5,21) 
300    2 4 21: 3:(0.67,2,3) 3:(0.67,2,3) 19:(0.57,4,7) 23:(0.10,2,21) 
301    3 4 21: 3:(0.67,2,3) 3:(0.67,2,3) 20:(0.71,5,7) 23:(0.95,20,21) 
302    3 4 21: 3:(0.67,2,3) 3:(0.67,2,3) 21:(0.86,6,7) 23:(0.81,17,21) 
303    2 4 12: 3:(0.67,2,3) 4:(0.25,1,4) 4:(0.25,1,4) 23:(0.83,10,12) 
304    2 4 12: 3:(0.67,2,3) 4:(0.25,1,4) 5:(0.50,2,4) 23:(0.58,7,12) 
305    2 4 60: 3:(0.67,2,3) 4:(0.25,1,4) 7:(0.20,1,5) 23:(0.88,53,60) 
306    2 4 60: 3:(0.67,2,3) 4:(0.25,1,4) 8:(0.40,2,5) 23:(0.68,41,60) 
307    2 4 60: 3:(0.67,2,3) 4:(0.25,1,4) 9:(0.60,3,5) 23:(0.48,29,60) 
308    2 4 60: 3:(0.67,2,3) 4:(0.25,1,4) 10:(0.80,4,5) 23:(0.28,17,60) 
309    2 4 12: 3:(0.67,2,3) 4:(0.25,1,4) 11:(0.17,1,6) 23:(0.92,11,12) 
310    2 4 12: 3:(0.67,2,3) 4:(0.25,1,4) 13:(0.50,3,6) 23:(0.58,7,12) 
311    2 4 12: 3:(0.67,2,3) 4:(0.25,1,4) 14:(0.67,4,6) 23:(0.42,5,12) 
312    2 4 12: 3:(0.67,2,3) 4:(0.25,1,4) 15:(0.83,5,6) 23:(0.25,3,12) 
313    2 4 84: 3:(0.67,2,3) 4:(0.25,1,4) 16:(0.14,1,7) 23:(0.94,79,84) 
314    2 4 84: 3:(0.67,2,3) 4:(0.25,1,4) 17:(0.29,2,7) 23:(0.80,67,84) 
315    2 4 84: 3:(0.67,2,3) 4:(0.25,1,4) 18:(0.43,3,7) 23:(0.65,55,84) 
316    2 4 84: 3:(0.67,2,3) 4:(0.25,1,4) 19:(0.57,4,7) 23:(0.51,43,84) 
317    2 4 84: 3:(0.67,2,3) 4:(0.25,1,4) 20:(0.71,5,7) 23:(0.37,31,84) 
318    2 4 84: 3:(0.67,2,3) 4:(0.25,1,4) 21:(0.86,6,7) 23:(0.23,19,84) 
319    2 4 12: 3:(0.67,2,3) 5:(0.50,2,4) 6:(0.75,3,4) 23:(0.08,1,12) 
320    2 4 60: 3:(0.67,2,3) 5:(0.50,2,4) 7:(0.20,1,5) 23:(0.63,38,60) 
321    2 4 60: 3:(0.67,2,3) 5:(0.50,2,4) 8:(0.40,2,5) 23:(0.43,26,60) 
322    2 4 60: 3:(0.67,2,3) 5:(0.50,2,4) 9:(0.60,3,5) 23:(0.23,14,60) 
323    2 4 60: 3:(0.67,2,3) 5:(0.50,2,4) 10:(0.80,4,5) 23:(0.03,2,60) 
324    2 4 12: 3:(0.67,2,3) 5:(0.50,2,4) 11:(0.17,1,6) 23:(0.67,8,12) 
325    2 4 12: 3:(0.67,2,3) 5:(0.50,2,4) 14:(0.67,4,6) 23:(0.17,2,12) 
326    2 4 84: 3:(0.67,2,3) 5:(0.50,2,4) 16:(0.14,1,7) 23:(0.69,58,84) 
327    2 4 84: 3:(0.67,2,3) 5:(0.50,2,4) 17:(0.29,2,7) 23:(0.55,46,84) 
328    2 4 84: 3:(0.67,2,3) 5:(0.50,2,4) 18:(0.43,3,7) 23:(0.40,34,84) 
329    2 4 84: 3:(0.67,2,3) 5:(0.50,2,4) 19:(0.57,4,7) 23:(0.26,22,84) 
330    2 4 84: 3:(0.67,2,3) 5:(0.50,2,4) 20:(0.71,5,7) 23:(0.12,10,84) 
331    3 4 84: 3:(0.67,2,3) 5:(0.50,2,4) 21:(0.86,6,7) 23:(0.98,82,84) 
332    3 4 12: 3:(0.67,2,3) 6:(0.75,3,4) 6:(0.75,3,4) 23:(0.83,10,12) 
333    2 4 60: 3:(0.67,2,3) 6:(0.75,3,4) 7:(0.20,1,5) 23:(0.38,23,60) 
334    2 4 60: 3:(0.67,2,3) 6:(0.75,3,4) 8:(0.40,2,5) 23:(0.18,11,60) 
335    3 4 60: 3:(0.67,2,3) 6:(0.75,3,4) 9:(0.60,3,5) 23:(0.98,59,60) 
336    3 4 60: 3:(0.67,2,3) 6:(0.75,3,4) 10:(0.80,4,5) 23:(0.78,47,60) 
337    2 4 12: 3:(0.67,2,3) 6:(0.75,3,4) 11:(0.17,1,6) 23:(0.42,5,12) 
338    2 4 12: 3:(0.67,2,3) 6:(0.75,3,4) 13:(0.50,3,6) 23:(0.08,1,12) 
339    3 4 12: 3:(0.67,2,3) 6:(0.75,3,4) 14:(0.67,4,6) 23:(0.92,11,12) 
340    3 4 12: 3:(0.67,2,3) 6:(0.75,3,4) 15:(0.83,5,6) 23:(0.75,9,12) 
341    2 4 84: 3:(0.67,2,3) 6:(0.75,3,4) 16:(0.14,1,7) 23:(0.44,37,84) 
342    2 4 84: 3:(0.67,2,3) 6:(0.75,3,4) 17:(0.29,2,7) 23:(0.30,25,84) 
343    2 4 84: 3:(0.67,2,3) 6:(0.75,3,4) 18:(0.43,3,7) 23:(0.15,13,84) 
344    2 4 84: 3:(0.67,2,3) 6:(0.75,3,4) 19:(0.57,4,7) 23:(0.01,1,84) 
345    3 4 84: 3:(0.67,2,3) 6:(0.75,3,4) 20:(0.71,5,7) 23:(0.87,73,84) 
346    3 4 84: 3:(0.67,2,3) 6:(0.75,3,4) 21:(0.86,6,7) 23:(0.73,61,84) 
347    2 4 15: 3:(0.67,2,3) 7:(0.20,1,5) 7:(0.20,1,5) 23:(0.93,14,15) 
348    2 4 15: 3:(0.67,2,3) 7:(0.20,1,5) 8:(0.40,2,5) 23:(0.73,11,15) 
349    2 4 15: 3:(0.67,2,3) 7:(0.20,1,5) 9:(0.60,3,5) 23:(0.53,8,15) 
350    2 4 30: 3:(0.67,2,3) 7:(0.20,1,5) 11:(0.17,1,6) 23:(0.97,29,30) 
351    2 4 30: 3:(0.67,2,3) 7:(0.20,1,5) 13:(0.50,3,6) 23:(0.63,19,30) 
352    2 4 30: 3:(0.67,2,3) 7:(0.20,1,5) 14:(0.67,4,6) 23:(0.47,14,30) 
353    2 4 30: 3:(0.67,2,3) 7:(0.20,1,5) 15:(0.83,5,6) 23:(0.30,9,30) 
354    2 4 105: 3:(0.67,2,3) 7:(0.20,1,5) 16:(0.14,1,7) 23:(0.99,104,105) 
355    2 4 105: 3:(0.67,2,3) 7:(0.20,1,5) 17:(0.29,2,7) 23:(0.85,89,105) 
356    2 4 105: 3:(0.67,2,3) 7:(0.20,1,5) 18:(0.43,3,7) 23:(0.70,74,105) 
357    2 4 105: 3:(0.67,2,3) 7:(0.20,1,5) 19:(0.57,4,7) 23:(0.56,59,105) 
358    2 4 105: 3:(0.67,2,3) 7:(0.20,1,5) 20:(0.71,5,7) 23:(0.42,44,105) 
359    2 4 105: 3:(0.67,2,3) 7:(0.20,1,5) 21:(0.86,6,7) 23:(0.28,29,105) 
360    2 4 15: 3:(0.67,2,3) 8:(0.40,2,5) 8:(0.40,2,5) 23:(0.53,8,15) 
361    2 4 15: 3:(0.67,2,3) 8:(0.40,2,5) 10:(0.80,4,5) 23:(0.13,2,15) 
362    2 4 30: 3:(0.67,2,3) 8:(0.40,2,5) 11:(0.17,1,6) 23:(0.77,23,30) 
363    2 4 30: 3:(0.67,2,3) 8:(0.40,2,5) 13:(0.50,3,6) 23:(0.43,13,30) 
364    2 4 30: 3:(0.67,2,3) 8:(0.40,2,5) 14:(0.67,4,6) 23:(0.27,8,30) 
365    2 4 30: 3:(0.67,2,3) 8:(0.40,2,5) 15:(0.83,5,6) 23:(0.10,3,30) 
366    2 4 105: 3:(0.67,2,3) 8:(0.40,2,5) 16:(0.14,1,7) 23:(0.79,83,105) 
367    2 4 105: 3:(0.67,2,3) 8:(0.40,2,5) 17:(0.29,2,7) 23:(0.65,68,105) 
368    2 4 105: 3:(0.67,2,3) 8:(0.40,2,5) 18:(0.43,3,7) 23:(0.50,53,105) 
369    2 4 105: 3:(0.67,2,3) 8:(0.40,2,5) 19:(0.57,4,7) 23:(0.36,38,105) 
370    2 4 105: 3:(0.67,2,3) 8:(0.40,2,5) 20:(0.71,5,7) 23:(0.22,23,105) 
371    2 4 105: 3:(0.67,2,3) 8:(0.40,2,5) 21:(0.86,6,7) 23:(0.08,8,105) 
372    2 4 15: 3:(0.67,2,3) 9:(0.60,3,5) 9:(0.60,3,5) 23:(0.13,2,15) 
373    3 4 15: 3:(0.67,2,3) 9:(0.60,3,5) 10:(0.80,4,5) 23:(0.93,14,15) 
374    2 4 30: 3:(0.67,2,3) 9:(0.60,3,5) 11:(0.17,1,6) 23:(0.57,17,30) 
375    2 4 30: 3:(0.67,2,3) 9:(0.60,3,5) 13:(0.50,3,6) 23:(0.23,7,30) 
376    2 4 30: 3:(0.67,2,3) 9:(0.60,3,5) 14:(0.67,4,6) 23:(0.07,2,30) 
377    3 4 30: 3:(0.67,2,3) 9:(0.60,3,5) 15:(0.83,5,6) 23:(0.90,27,30) 
378    2 4 105: 3:(0.67,2,3) 9:(0.60,3,5) 16:(0.14,1,7) 23:(0.59,62,105) 
379    2 4 105: 3:(0.67,2,3) 9:(0.60,3,5) 17:(0.29,2,7) 23:(0.45,47,105) 
380    2 4 105: 3:(0.67,2,3) 9:(0.60,3,5) 18:(0.43,3,7) 23:(0.30,32,105) 
381    2 4 105: 3:(0.67,2,3) 9:(0.60,3,5) 19:(0.57,4,7) 23:(0.16,17,105) 
382    2 4 105: 3:(0.67,2,3) 9:(0.60,3,5) 20:(0.71,5,7) 23:(0.02,2,105) 
383    3 4 105: 3:(0.67,2,3) 9:(0.60,3,5) 21:(0.86,6,7) 23:(0.88,92,105) 
384    3 4 15: 3:(0.67,2,3) 10:(0.80,4,5) 10:(0.80,4,5) 23:(0.73,11,15) 
385    2 4 30: 3:(0.67,2,3) 10:(0.80,4,5) 11:(0.17,1,6) 23:(0.37,11,30) 
386    2 4 30: 3:(0.67,2,3) 10:(0.80,4,5) 13:(0.50,3,6) 23:(0.03,1,30) 
387    3 4 30: 3:(0.67,2,3) 10:(0.80,4,5) 14:(0.67,4,6) 23:(0.87,26,30) 
388    3 4 30: 3:(0.67,2,3) 10:(0.80,4,5) 15:(0.83,5,6) 23:(0.70,21,30) 
389    2 4 105: 3:(0.67,2,3) 10:(0.80,4,5) 16:(0.14,1,7) 23:(0.39,41,105) 
390    2 4 105: 3:(0.67,2,3) 10:(0.80,4,5) 17:(0.29,2,7) 23:(0.25,26,105) 
391    2 4 105: 3:(0.67,2,3) 10:(0.80,4,5) 18:(0.43,3,7) 23:(0.10,11,105) 
392    3 4 105: 3:(0.67,2,3) 10:(0.80,4,5) 19:(0.57,4,7) 23:(0.96,101,105) 
393    3 4 105: 3:(0.67,2,3) 10:(0.80,4,5) 20:(0.71,5,7) 23:(0.82,86,105) 
394    3 4 105: 3:(0.67,2,3) 10:(0.80,4,5) 21:(0.86,6,7) 23:(0.68,71,105) 
395    1 4 42: 3:(0.67,2,3) 11:(0.17,1,6) 16:(0.14,1,7) 23:(0.02,1,42) 
396    2 4 42: 3:(0.67,2,3) 11:(0.17,1,6) 17:(0.29,2,7) 23:(0.88,37,42) 
397    2 4 42: 3:(0.67,2,3) 11:(0.17,1,6) 18:(0.43,3,7) 23:(0.74,31,42) 
398    2 4 42: 3:(0.67,2,3) 11:(0.17,1,6) 19:(0.57,4,7) 23:(0.60,25,42) 
399    2 4 42: 3:(0.67,2,3) 11:(0.17,1,6) 20:(0.71,5,7) 23:(0.45,19,42) 
400    2 4 42: 3:(0.67,2,3) 11:(0.17,1,6) 21:(0.86,6,7) 23:(0.31,13,42) 
401    2 4 42: 3:(0.67,2,3) 13:(0.50,3,6) 16:(0.14,1,7) 23:(0.69,29,42) 
402    2 4 42: 3:(0.67,2,3) 13:(0.50,3,6) 17:(0.29,2,7) 23:(0.55,23,42) 
403    2 4 42: 3:(0.67,2,3) 13:(0.50,3,6) 18:(0.43,3,7) 23:(0.40,17,42) 
404    2 4 42: 3:(0.67,2,3) 13:(0.50,3,6) 19:(0.57,4,7) 23:(0.26,11,42) 
405    2 4 42: 3:(0.67,2,3) 13:(0.50,3,6) 20:(0.71,5,7) 23:(0.12,5,42) 
406    3 4 42: 3:(0.67,2,3) 13:(0.50,3,6) 21:(0.86,6,7) 23:(0.98,41,42) 
407    2 4 42: 3:(0.67,2,3) 14:(0.67,4,6) 16:(0.14,1,7) 23:(0.52,22,42) 
408    2 4 42: 3:(0.67,2,3) 14:(0.67,4,6) 17:(0.29,2,7) 23:(0.38,16,42) 
409    2 4 42: 3:(0.67,2,3) 14:(0.67,4,6) 18:(0.43,3,7) 23:(0.24,10,42) 
410    2 4 42: 3:(0.67,2,3) 14:(0.67,4,6) 19:(0.57,4,7) 23:(0.10,4,42) 
411    3 4 42: 3:(0.67,2,3) 14:(0.67,4,6) 20:(0.71,5,7) 23:(0.95,40,42) 
412    3 4 42: 3:(0.67,2,3) 14:(0.67,4,6) 21:(0.86,6,7) 23:(0.81,34,42) 
413    2 4 42: 3:(0.67,2,3) 15:(0.83,5,6) 16:(0.14,1,7) 23:(0.36,15,42) 
414    2 4 42: 3:(0.67,2,3) 15:(0.83,5,6) 17:(0.29,2,7) 23:(0.21,9,42) 
415    2 4 42: 3:(0.67,2,3) 15:(0.83,5,6) 18:(0.43,3,7) 23:(0.07,3,42) 
416    3 4 42: 3:(0.67,2,3) 15:(0.83,5,6) 19:(0.57,4,7) 23:(0.93,39,42) 
417    3 4 42: 3:(0.67,2,3) 15:(0.83,5,6) 20:(0.71,5,7) 23:(0.79,33,42) 
418    3 4 42: 3:(0.67,2,3) 15:(0.83,5,6) 21:(0.86,6,7) 23:(0.64,27,42) 
419    1 4 21: 3:(0.67,2,3) 16:(0.14,1,7) 16:(0.14,1,7) 23:(0.05,1,21) 
420    2 4 21: 3:(0.67,2,3) 16:(0.14,1,7) 17:(0.29,2,7) 23:(0.90,19,21) 
421    2 4 21: 3:(0.67,2,3) 16:(0.14,1,7) 18:(0.43,3,7) 23:(0.76,16,21) 
422    2 4 21: 3:(0.67,2,3) 16:(0.14,1,7) 19:(0.57,4,7) 23:(0.62,13,21) 
423    2 4 21: 3:(0.67,2,3) 16:(0.14,1,7) 20:(0.71,5,7) 23:(0.48,10,21) 
424    2 4 21: 3:(0.67,2,3) 17:(0.29,2,7) 17:(0.29,2,7) 23:(0.76,16,21) 
425    2 4 21: 3:(0.67,2,3) 17:(0.29,2,7) 18:(0.43,3,7) 23:(0.62,13,21) 
426    2 4 21: 3:(0.67,2,3) 17:(0.29,2,7) 19:(0.57,4,7) 23:(0.48,10,21) 
427    2 4 21: 3:(0.67,2,3) 17:(0.29,2,7) 21:(0.86,6,7) 23:(0.19,4,21) 
428    2 4 21: 3:(0.67,2,3) 18:(0.43,3,7) 18:(0.43,3,7) 23:(0.48,10,21) 
429    2 4 21: 3:(0.67,2,3) 18:(0.43,3,7) 20:(0.71,5,7) 23:(0.19,4,21) 
430    2 4 21: 3:(0.67,2,3) 18:(0.43,3,7) 21:(0.86,6,7) 23:(0.05,1,21) 
431    2 4 21: 3:(0.67,2,3) 19:(0.57,4,7) 19:(0.57,4,7) 23:(0.19,4,21) 
432    2 4 21: 3:(0.67,2,3) 19:(0.57,4,7) 20:(0.71,5,7) 23:(0.05,1,21) 
433    3 4 21: 3:(0.67,2,3) 19:(0.57,4,7) 21:(0.86,6,7) 23:(0.90,19,21) 
434    3 4 21: 3:(0.67,2,3) 20:(0.71,5,7) 20:(0.71,5,7) 23:(0.90,19,21) 
435    3 4 21: 3:(0.67,2,3) 20:(0.71,5,7) 21:(0.86,6,7) 23:(0.76,16,21) 
436    3 4 21: 3:(0.67,2,3) 21:(0.86,6,7) 21:(0.86,6,7) 23:(0.62,13,21) 
437    1 4 20: 4:(0.25,1,4) 4:(0.25,1,4) 7:(0.20,1,5) 23:(0.30,6,20) 
438    1 4 20: 4:(0.25,1,4) 4:(0.25,1,4) 8:(0.40,2,5) 23:(0.10,2,20) 
439    2 4 20: 4:(0.25,1,4) 4:(0.25,1,4) 9:(0.60,3,5) 23:(0.90,18,20) 
440    2 4 20: 4:(0.25,1,4) 4:(0.25,1,4) 10:(0.80,4,5) 23:(0.70,14,20) 
441    1 4 12: 4:(0.25,1,4) 4:(0.25,1,4) 11:(0.17,1,6) 23:(0.33,4,12) 
442    1 4 12: 4:(0.25,1,4) 4:(0.25,1,4) 12:(0.33,2,6) 23:(0.17,2,12) 
443    2 4 12: 4:(0.25,1,4) 4:(0.25,1,4) 14:(0.67,4,6) 23:(0.83,10,12) 
444    2 4 12: 4:(0.25,1,4) 4:(0.25,1,4) 15:(0.83,5,6) 23:(0.67,8,12) 
445    1 4 28: 4:(0.25,1,4) 4:(0.25,1,4) 16:(0.14,1,7) 23:(0.36,10,28) 
446    1 4 28: 4:(0.25,1,4) 4:(0.25,1,4) 17:(0.29,2,7) 23:(0.21,6,28) 
447    1 4 28: 4:(0.25,1,4) 4:(0.25,1,4) 18:(0.43,3,7) 23:(0.07,2,28) 
448    2 4 28: 4:(0.25,1,4) 4:(0.25,1,4) 19:(0.57,4,7) 23:(0.93,26,28) 
449    2 4 28: 4:(0.25,1,4) 4:(0.25,1,4) 20:(0.71,5,7) 23:(0.79,22,28) 
450    2 4 28: 4:(0.25,1,4) 4:(0.25,1,4) 21:(0.86,6,7) 23:(0.64,18,28) 
451    1 4 20: 4:(0.25,1,4) 5:(0.50,2,4) 7:(0.20,1,5) 23:(0.05,1,20) 
452    2 4 20: 4:(0.25,1,4) 5:(0.50,2,4) 8:(0.40,2,5) 23:(0.85,17,20) 
453    2 4 20: 4:(0.25,1,4) 5:(0.50,2,4) 9:(0.60,3,5) 23:(0.65,13,20) 
454    2 4 20: 4:(0.25,1,4) 5:(0.50,2,4) 10:(0.80,4,5) 23:(0.45,9,20) 
455    1 4 12: 4:(0.25,1,4) 5:(0.50,2,4) 11:(0.17,1,6) 23:(0.08,1,12) 
456    2 4 12: 4:(0.25,1,4) 5:(0.50,2,4) 12:(0.33,2,6) 23:(0.92,11,12) 
457    2 4 12: 4:(0.25,1,4) 5:(0.50,2,4) 14:(0.67,4,6) 23:(0.58,7,12) 
458    2 4 12: 4:(0.25,1,4) 5:(0.50,2,4) 15:(0.83,5,6) 23:(0.42,5,12) 
459    1 4 28: 4:(0.25,1,4) 5:(0.50,2,4) 16:(0.14,1,7) 23:(0.11,3,28) 
460    2 4 28: 4:(0.25,1,4) 5:(0.50,2,4) 17:(0.29,2,7) 23:(0.96,27,28) 
461    2 4 28: 4:(0.25,1,4) 5:(0.50,2,4) 18:(0.43,3,7) 23:(0.82,23,28) 
462    2 4 28: 4:(0.25,1,4) 5:(0.50,2,4) 19:(0.57,4,7) 23:(0.68,19,28) 
463    2 4 28: 4:(0.25,1,4) 5:(0.50,2,4) 20:(0.71,5,7) 23:(0.54,15,28) 
464    2 4 28: 4:(0.25,1,4) 5:(0.50,2,4) 21:(0.86,6,7) 23:(0.39,11,28) 
465    1 4 20: 4:(0.25,1,4) 7:(0.20,1,5) 7:(0.20,1,5) 23:(0.35,7,20) 
466    1 4 20: 4:(0.25,1,4) 7:(0.20,1,5) 8:(0.40,2,5) 23:(0.15,3,20) 
467    2 4 20: 4:(0.25,1,4) 7:(0.20,1,5) 9:(0.60,3,5) 23:(0.95,19,20) 
468    1 4 60: 4:(0.25,1,4) 7:(0.20,1,5) 11:(0.17,1,6) 23:(0.38,23,60) 
469    1 4 60: 4:(0.25,1,4) 7:(0.20,1,5) 12:(0.33,2,6) 23:(0.22,13,60) 
470    1 4 60: 4:(0.25,1,4) 7:(0.20,1,5) 13:(0.50,3,6) 23:(0.05,3,60) 
471    2 4 60: 4:(0.25,1,4) 7:(0.20,1,5) 14:(0.67,4,6) 23:(0.88,53,60) 
472    2 4 60: 4:(0.25,1,4) 7:(0.20,1,5) 15:(0.83,5,6) 23:(0.72,43,60) 
473    1 4 140: 4:(0.25,1,4) 7:(0.20,1,5) 16:(0.14,1,7) 23:(0.41,57,140) 
474    1 4 140: 4:(0.25,1,4) 7:(0.20,1,5) 17:(0.29,2,7) 23:(0.26,37,140) 
475    1 4 140: 4:(0.25,1,4) 7:(0.20,1,5) 18:(0.43,3,7) 23:(0.12,17,140) 
476    2 4 140: 4:(0.25,1,4) 7:(0.20,1,5) 19:(0.57,4,7) 23:(0.98,137,140) 
477    2 4 140: 4:(0.25,1,4) 7:(0.20,1,5) 20:(0.71,5,7) 23:(0.84,117,140) 
478    2 4 140: 4:(0.25,1,4) 7:(0.20,1,5) 21:(0.86,6,7) 23:(0.69,97,140) 
479    2 4 20: 4:(0.25,1,4) 8:(0.40,2,5) 8:(0.40,2,5) 23:(0.95,19,20) 
480    2 4 20: 4:(0.25,1,4) 8:(0.40,2,5) 10:(0.80,4,5) 23:(0.55,11,20) 
481    1 4 60: 4:(0.25,1,4) 8:(0.40,2,5) 11:(0.17,1,6) 23:(0.18,11,60) 
482    1 4 60: 4:(0.25,1,4) 8:(0.40,2,5) 12:(0.33,2,6) 23:(0.02,1,60) 
483    2 4 60: 4:(0.25,1,4) 8:(0.40,2,5) 13:(0.50,3,6) 23:(0.85,51,60) 
484    2 4 60: 4:(0.25,1,4) 8:(0.40,2,5) 14:(0.67,4,6) 23:(0.68,41,60) 
485    2 4 60: 4:(0.25,1,4) 8:(0.40,2,5) 15:(0.83,5,6) 23:(0.52,31,60) 
486    1 4 140: 4:(0.25,1,4) 8:(0.40,2,5) 16:(0.14,1,7) 23:(0.21,29,140) 
487    1 4 140: 4:(0.25,1,4) 8:(0.40,2,5) 17:(0.29,2,7) 23:(0.06,9,140) 
488    2 4 140: 4:(0.25,1,4) 8:(0.40,2,5) 18:(0.43,3,7) 23:(0.92,129,140) 
489    2 4 140: 4:(0.25,1,4) 8:(0.40,2,5) 19:(0.57,4,7) 23:(0.78,109,140) 
490    2 4 140: 4:(0.25,1,4) 8:(0.40,2,5) 20:(0.71,5,7) 23:(0.64,89,140) 
491    2 4 140: 4:(0.25,1,4) 8:(0.40,2,5) 21:(0.86,6,7) 23:(0.49,69,140) 
492    2 4 20: 4:(0.25,1,4) 9:(0.60,3,5) 9:(0.60,3,5) 23:(0.55,11,20) 
493    2 4 20: 4:(0.25,1,4) 9:(0.60,3,5) 10:(0.80,4,5) 23:(0.35,7,20) 
494    2 4 60: 4:(0.25,1,4) 9:(0.60,3,5) 11:(0.17,1,6) 23:(0.98,59,60) 
495    2 4 60: 4:(0.25,1,4) 9:(0.60,3,5) 12:(0.33,2,6) 23:(0.82,49,60) 
496    2 4 60: 4:(0.25,1,4) 9:(0.60,3,5) 13:(0.50,3,6) 23:(0.65,39,60) 
497    2 4 60: 4:(0.25,1,4) 9:(0.60,3,5) 14:(0.67,4,6) 23:(0.48,29,60) 
498    2 4 60: 4:(0.25,1,4) 9:(0.60,3,5) 15:(0.83,5,6) 23:(0.32,19,60) 
499    1 4 140: 4:(0.25,1,4) 9:(0.60,3,5) 16:(0.14,1,7) 23:(0.01,1,140) 
500    2 4 140: 4:(0.25,1,4) 9:(0.60,3,5) 17:(0.29,2,7) 23:(0.86,121,140) 
501    2 4 140: 4:(0.25,1,4) 9:(0.60,3,5) 18:(0.43,3,7) 23:(0.72,101,140) 
502    2 4 140: 4:(0.25,1,4) 9:(0.60,3,5) 19:(0.57,4,7) 23:(0.58,81,140) 
503    2 4 140: 4:(0.25,1,4) 9:(0.60,3,5) 20:(0.71,5,7) 23:(0.44,61,140) 
504    2 4 140: 4:(0.25,1,4) 9:(0.60,3,5) 21:(0.86,6,7) 23:(0.29,41,140) 
505    2 4 20: 4:(0.25,1,4) 10:(0.80,4,5) 10:(0.80,4,5) 23:(0.15,3,20) 
506    2 4 60: 4:(0.25,1,4) 10:(0.80,4,5) 11:(0.17,1,6) 23:(0.78,47,60) 
507    2 4 60: 4:(0.25,1,4) 10:(0.80,4,5) 12:(0.33,2,6) 23:(0.62,37,60) 
508    2 4 60: 4:(0.25,1,4) 10:(0.80,4,5) 13:(0.50,3,6) 23:(0.45,27,60) 
509    2 4 60: 4:(0.25,1,4) 10:(0.80,4,5) 14:(0.67,4,6) 23:(0.28,17,60) 
510    2 4 60: 4:(0.25,1,4) 10:(0.80,4,5) 15:(0.83,5,6) 23:(0.12,7,60) 
511    2 4 140: 4:(0.25,1,4) 10:(0.80,4,5) 16:(0.14,1,7) 23:(0.81,113,140) 
512    2 4 140: 4:(0.25,1,4) 10:(0.80,4,5) 17:(0.29,2,7) 23:(0.66,93,140) 
513    2 4 140: 4:(0.25,1,4) 10:(0.80,4,5) 18:(0.43,3,7) 23:(0.52,73,140) 
514    2 4 140: 4:(0.25,1,4) 10:(0.80,4,5) 19:(0.57,4,7) 23:(0.38,53,140) 
515    2 4 140: 4:(0.25,1,4) 10:(0.80,4,5) 20:(0.71,5,7) 23:(0.24,33,140) 
516    2 4 140: 4:(0.25,1,4) 10:(0.80,4,5) 21:(0.86,6,7) 23:(0.09,13,140) 
517    1 4 12: 4:(0.25,1,4) 11:(0.17,1,6) 11:(0.17,1,6) 23:(0.42,5,12) 
518    1 4 12: 4:(0.25,1,4) 11:(0.17,1,6) 12:(0.33,2,6) 23:(0.25,3,12) 
519    1 4 12: 4:(0.25,1,4) 11:(0.17,1,6) 13:(0.50,3,6) 23:(0.08,1,12) 
520    2 4 12: 4:(0.25,1,4) 11:(0.17,1,6) 14:(0.67,4,6) 23:(0.92,11,12) 
521    1 4 84: 4:(0.25,1,4) 11:(0.17,1,6) 16:(0.14,1,7) 23:(0.44,37,84) 
522    1 4 84: 4:(0.25,1,4) 11:(0.17,1,6) 17:(0.29,2,7) 23:(0.30,25,84) 
523    1 4 84: 4:(0.25,1,4) 11:(0.17,1,6) 18:(0.43,3,7) 23:(0.15,13,84) 
524    1 4 84: 4:(0.25,1,4) 11:(0.17,1,6) 19:(0.57,4,7) 23:(0.01,1,84) 
525    2 4 84: 4:(0.25,1,4) 11:(0.17,1,6) 20:(0.71,5,7) 23:(0.87,73,84) 
526    2 4 84: 4:(0.25,1,4) 11:(0.17,1,6) 21:(0.86,6,7) 23:(0.73,61,84) 
527    1 4 12: 4:(0.25,1,4) 12:(0.33,2,6) 12:(0.33,2,6) 23:(0.08,1,12) 
528    2 4 12: 4:(0.25,1,4) 12:(0.33,2,6) 13:(0.50,3,6) 23:(0.92,11,12) 
529    2 4 12: 4:(0.25,1,4) 12:(0.33,2,6) 15:(0.83,5,6) 23:(0.58,7,12) 
530    1 4 84: 4:(0.25,1,4) 12:(0.33,2,6) 16:(0.14,1,7) 23:(0.27,23,84) 
531    1 4 84: 4:(0.25,1,4) 12:(0.33,2,6) 17:(0.29,2,7) 23:(0.13,11,84) 
532    2 4 84: 4:(0.25,1,4) 12:(0.33,2,6) 18:(0.43,3,7) 23:(0.99,83,84) 
533    2 4 84: 4:(0.25,1,4) 12:(0.33,2,6) 19:(0.57,4,7) 23:(0.85,71,84) 
534    2 4 84: 4:(0.25,1,4) 12:(0.33,2,6) 20:(0.71,5,7) 23:(0.70,59,84) 
535    2 4 84: 4:(0.25,1,4) 12:(0.33,2,6) 21:(0.86,6,7) 23:(0.56,47,84) 
536    2 4 12: 4:(0.25,1,4) 13:(0.50,3,6) 14:(0.67,4,6) 23:(0.58,7,12) 
537    2 4 12: 4:(0.25,1,4) 13:(0.50,3,6) 15:(0.83,5,6) 23:(0.42,5,12) 
538    1 4 84: 4:(0.25,1,4) 13:(0.50,3,6) 16:(0.14,1,7) 23:(0.11,9,84) 
539    2 4 84: 4:(0.25,1,4) 13:(0.50,3,6) 17:(0.29,2,7) 23:(0.96,81,84) 
540    2 4 84: 4:(0.25,1,4) 13:(0.50,3,6) 18:(0.43,3,7) 23:(0.82,69,84) 
541    2 4 84: 4:(0.25,1,4) 13:(0.50,3,6) 19:(0.57,4,7) 23:(0.68,57,84) 
542    2 4 84: 4:(0.25,1,4) 13:(0.50,3,6) 20:(0.71,5,7) 23:(0.54,45,84) 
543    2 4 84: 4:(0.25,1,4) 13:(0.50,3,6) 21:(0.86,6,7) 23:(0.39,33,84) 
544    2 4 12: 4:(0.25,1,4) 14:(0.67,4,6) 14:(0.67,4,6) 23:(0.42,5,12) 
545    2 4 12: 4:(0.25,1,4) 14:(0.67,4,6) 15:(0.83,5,6) 23:(0.25,3,12) 
546    2 4 84: 4:(0.25,1,4) 14:(0.67,4,6) 16:(0.14,1,7) 23:(0.94,79,84) 
547    2 4 84: 4:(0.25,1,4) 14:(0.67,4,6) 17:(0.29,2,7) 23:(0.80,67,84) 
548    2 4 84: 4:(0.25,1,4) 14:(0.67,4,6) 18:(0.43,3,7) 23:(0.65,55,84) 
549    2 4 84: 4:(0.25,1,4) 14:(0.67,4,6) 19:(0.57,4,7) 23:(0.51,43,84) 
550    2 4 84: 4:(0.25,1,4) 14:(0.67,4,6) 20:(0.71,5,7) 23:(0.37,31,84) 
551    2 4 84: 4:(0.25,1,4) 14:(0.67,4,6) 21:(0.86,6,7) 23:(0.23,19,84) 
552    2 4 12: 4:(0.25,1,4) 15:(0.83,5,6) 15:(0.83,5,6) 23:(0.08,1,12) 
553    2 4 84: 4:(0.25,1,4) 15:(0.83,5,6) 16:(0.14,1,7) 23:(0.77,65,84) 
554    2 4 84: 4:(0.25,1,4) 15:(0.83,5,6) 17:(0.29,2,7) 23:(0.63,53,84) 
555    2 4 84: 4:(0.25,1,4) 15:(0.83,5,6) 18:(0.43,3,7) 23:(0.49,41,84) 
556    2 4 84: 4:(0.25,1,4) 15:(0.83,5,6) 19:(0.57,4,7) 23:(0.35,29,84) 
557    2 4 84: 4:(0.25,1,4) 15:(0.83,5,6) 20:(0.71,5,7) 23:(0.20,17,84) 
558    2 4 84: 4:(0.25,1,4) 15:(0.83,5,6) 21:(0.86,6,7) 23:(0.06,5,84) 
559    1 4 28: 4:(0.25,1,4) 16:(0.14,1,7) 16:(0.14,1,7) 23:(0.46,13,28) 
560    1 4 28: 4:(0.25,1,4) 16:(0.14,1,7) 17:(0.29,2,7) 23:(0.32,9,28) 
561    1 4 28: 4:(0.25,1,4) 16:(0.14,1,7) 18:(0.43,3,7) 23:(0.18,5,28) 
562    1 4 28: 4:(0.25,1,4) 16:(0.14,1,7) 19:(0.57,4,7) 23:(0.04,1,28) 
563    2 4 28: 4:(0.25,1,4) 16:(0.14,1,7) 20:(0.71,5,7) 23:(0.89,25,28) 
564    1 4 28: 4:(0.25,1,4) 17:(0.29,2,7) 17:(0.29,2,7) 23:(0.18,5,28) 
565    1 4 28: 4:(0.25,1,4) 17:(0.29,2,7) 18:(0.43,3,7) 23:(0.04,1,28) 
566    2 4 28: 4:(0.25,1,4) 17:(0.29,2,7) 19:(0.57,4,7) 23:(0.89,25,28) 
567    2 4 28: 4:(0.25,1,4) 17:(0.29,2,7) 21:(0.86,6,7) 23:(0.61,17,28) 
568    2 4 28: 4:(0.25,1,4) 18:(0.43,3,7) 18:(0.43,3,7) 23:(0.89,25,28) 
569    2 4 28: 4:(0.25,1,4) 18:(0.43,3,7) 20:(0.71,5,7) 23:(0.61,17,28) 
570    2 4 28: 4:(0.25,1,4) 18:(0.43,3,7) 21:(0.86,6,7) 23:(0.46,13,28) 
571    2 4 28: 4:(0.25,1,4) 19:(0.57,4,7) 19:(0.57,4,7) 23:(0.61,17,28) 
572    2 4 28: 4:(0.25,1,4) 19:(0.57,4,7) 20:(0.71,5,7) 23:(0.46,13,28) 
573    2 4 28: 4:(0.25,1,4) 19:(0.57,4,7) 21:(0.86,6,7) 23:(0.32,9,28) 
574    2 4 28: 4:(0.25,1,4) 20:(0.71,5,7) 20:(0.71,5,7) 23:(0.32,9,28) 
575    2 4 28: 4:(0.25,1,4) 20:(0.71,5,7) 21:(0.86,6,7) 23:(0.18,5,28) 
576    2 4 28: 4:(0.25,1,4) 21:(0.86,6,7) 21:(0.86,6,7) 23:(0.04,1,28) 
577    2 4 20: 5:(0.50,2,4) 6:(0.75,3,4) 7:(0.20,1,5) 23:(0.55,11,20) 
578    2 4 20: 5:(0.50,2,4) 6:(0.75,3,4) 8:(0.40,2,5) 23:(0.35,7,20) 
579    2 4 20: 5:(0.50,2,4) 6:(0.75,3,4) 9:(0.60,3,5) 23:(0.15,3,20) 
580    3 4 20: 5:(0.50,2,4) 6:(0.75,3,4) 10:(0.80,4,5) 23:(0.95,19,20) 
581    2 4 12: 5:(0.50,2,4) 6:(0.75,3,4) 11:(0.17,1,6) 23:(0.58,7,12) 
582    2 4 12: 5:(0.50,2,4) 6:(0.75,3,4) 12:(0.33,2,6) 23:(0.42,5,12) 
583    2 4 12: 5:(0.50,2,4) 6:(0.75,3,4) 14:(0.67,4,6) 23:(0.08,1,12) 
584    3 4 12: 5:(0.50,2,4) 6:(0.75,3,4) 15:(0.83,5,6) 23:(0.92,11,12) 
585    2 4 28: 5:(0.50,2,4) 6:(0.75,3,4) 16:(0.14,1,7) 23:(0.61,17,28) 
586    2 4 28: 5:(0.50,2,4) 6:(0.75,3,4) 17:(0.29,2,7) 23:(0.46,13,28) 
587    2 4 28: 5:(0.50,2,4) 6:(0.75,3,4) 18:(0.43,3,7) 23:(0.32,9,28) 
588    2 4 28: 5:(0.50,2,4) 6:(0.75,3,4) 19:(0.57,4,7) 23:(0.18,5,28) 
589    2 4 28: 5:(0.50,2,4) 6:(0.75,3,4) 20:(0.71,5,7) 23:(0.04,1,28) 
590    3 4 28: 5:(0.50,2,4) 6:(0.75,3,4) 21:(0.86,6,7) 23:(0.89,25,28) 
591    1 4 20: 5:(0.50,2,4) 7:(0.20,1,5) 7:(0.20,1,5) 23:(0.10,2,20) 
592    2 4 20: 5:(0.50,2,4) 7:(0.20,1,5) 8:(0.40,2,5) 23:(0.90,18,20) 
593    2 4 20: 5:(0.50,2,4) 7:(0.20,1,5) 9:(0.60,3,5) 23:(0.70,14,20) 
594    1 4 60: 5:(0.50,2,4) 7:(0.20,1,5) 11:(0.17,1,6) 23:(0.13,8,60) 
595    2 4 60: 5:(0.50,2,4) 7:(0.20,1,5) 12:(0.33,2,6) 23:(0.97,58,60) 
596    2 4 60: 5:(0.50,2,4) 7:(0.20,1,5) 14:(0.67,4,6) 23:(0.63,38,60) 
597    2 4 60: 5:(0.50,2,4) 7:(0.20,1,5) 15:(0.83,5,6) 23:(0.47,28,60) 
598    1 4 140: 5:(0.50,2,4) 7:(0.20,1,5) 16:(0.14,1,7) 23:(0.16,22,140) 
599    1 4 140: 5:(0.50,2,4) 7:(0.20,1,5) 17:(0.29,2,7) 23:(0.01,2,140) 
600    2 4 140: 5:(0.50,2,4) 7:(0.20,1,5) 18:(0.43,3,7) 23:(0.87,122,140) 
601    2 4 140: 5:(0.50,2,4) 7:(0.20,1,5) 19:(0.57,4,7) 23:(0.73,102,140) 
602    2 4 140: 5:(0.50,2,4) 7:(0.20,1,5) 20:(0.71,5,7) 23:(0.59,82,140) 
603    2 4 140: 5:(0.50,2,4) 7:(0.20,1,5) 21:(0.86,6,7) 23:(0.44,62,140) 
604    2 4 20: 5:(0.50,2,4) 8:(0.40,2,5) 8:(0.40,2,5) 23:(0.70,14,20) 
605    2 4 20: 5:(0.50,2,4) 8:(0.40,2,5) 10:(0.80,4,5) 23:(0.30,6,20) 
606    2 4 60: 5:(0.50,2,4) 8:(0.40,2,5) 11:(0.17,1,6) 23:(0.93,56,60) 
607    2 4 60: 5:(0.50,2,4) 8:(0.40,2,5) 12:(0.33,2,6) 23:(0.77,46,60) 
608    2 4 60: 5:(0.50,2,4) 8:(0.40,2,5) 14:(0.67,4,6) 23:(0.43,26,60) 
609    2 4 60: 5:(0.50,2,4) 8:(0.40,2,5) 15:(0.83,5,6) 23:(0.27,16,60) 
610    2 4 140: 5:(0.50,2,4) 8:(0.40,2,5) 16:(0.14,1,7) 23:(0.96,134,140) 
611    2 4 140: 5:(0.50,2,4) 8:(0.40,2,5) 17:(0.29,2,7) 23:(0.81,114,140) 
612    2 4 140: 5:(0.50,2,4) 8:(0.40,2,5) 18:(0.43,3,7) 23:(0.67,94,140) 
613    2 4 140: 5:(0.50,2,4) 8:(0.40,2,5) 19:(0.57,4,7) 23:(0.53,74,140) 
614    2 4 140: 5:(0.50,2,4) 8:(0.40,2,5) 20:(0.71,5,7) 23:(0.39,54,140) 
615    2 4 140: 5:(0.50,2,4) 8:(0.40,2,5) 21:(0.86,6,7) 23:(0.24,34,140) 
616    2 4 20: 5:(0.50,2,4) 9:(0.60,3,5) 9:(0.60,3,5) 23:(0.30,6,20) 
617    2 4 20: 5:(0.50,2,4) 9:(0.60,3,5) 10:(0.80,4,5) 23:(0.10,2,20) 
618    2 4 60: 5:(0.50,2,4) 9:(0.60,3,5) 11:(0.17,1,6) 23:(0.73,44,60) 
619    2 4 60: 5:(0.50,2,4) 9:(0.60,3,5) 12:(0.33,2,6) 23:(0.57,34,60) 
620    2 4 60: 5:(0.50,2,4) 9:(0.60,3,5) 14:(0.67,4,6) 23:(0.23,14,60) 
621    2 4 60: 5:(0.50,2,4) 9:(0.60,3,5) 15:(0.83,5,6) 23:(0.07,4,60) 
622    2 4 140: 5:(0.50,2,4) 9:(0.60,3,5) 16:(0.14,1,7) 23:(0.76,106,140) 
623    2 4 140: 5:(0.50,2,4) 9:(0.60,3,5) 17:(0.29,2,7) 23:(0.61,86,140) 
624    2 4 140: 5:(0.50,2,4) 9:(0.60,3,5) 18:(0.43,3,7) 23:(0.47,66,140) 
625    2 4 140: 5:(0.50,2,4) 9:(0.60,3,5) 19:(0.57,4,7) 23:(0.33,46,140) 
626    2 4 140: 5:(0.50,2,4) 9:(0.60,3,5) 20:(0.71,5,7) 23:(0.19,26,140) 
627    2 4 140: 5:(0.50,2,4) 9:(0.60,3,5) 21:(0.86,6,7) 23:(0.04,6,140) 
628    3 4 20: 5:(0.50,2,4) 10:(0.80,4,5) 10:(0.80,4,5) 23:(0.90,18,20) 
629    2 4 60: 5:(0.50,2,4) 10:(0.80,4,5) 11:(0.17,1,6) 23:(0.53,32,60) 
630    2 4 60: 5:(0.50,2,4) 10:(0.80,4,5) 12:(0.33,2,6) 23:(0.37,22,60) 
631    2 4 60: 5:(0.50,2,4) 10:(0.80,4,5) 14:(0.67,4,6) 23:(0.03,2,60) 
632    3 4 60: 5:(0.50,2,4) 10:(0.80,4,5) 15:(0.83,5,6) 23:(0.87,52,60) 
633    2 4 140: 5:(0.50,2,4) 10:(0.80,4,5) 16:(0.14,1,7) 23:(0.56,78,140) 
634    2 4 140: 5:(0.50,2,4) 10:(0.80,4,5) 17:(0.29,2,7) 23:(0.41,58,140) 
635    2 4 140: 5:(0.50,2,4) 10:(0.80,4,5) 18:(0.43,3,7) 23:(0.27,38,140) 
636    2 4 140: 5:(0.50,2,4) 10:(0.80,4,5) 19:(0.57,4,7) 23:(0.13,18,140) 
637    3 4 140: 5:(0.50,2,4) 10:(0.80,4,5) 20:(0.71,5,7) 23:(0.99,138,140) 
638    3 4 140: 5:(0.50,2,4) 10:(0.80,4,5) 21:(0.86,6,7) 23:(0.84,118,140) 
639    1 4 12: 5:(0.50,2,4) 11:(0.17,1,6) 11:(0.17,1,6) 23:(0.17,2,12) 
640    2 4 12: 5:(0.50,2,4) 11:(0.17,1,6) 14:(0.67,4,6) 23:(0.67,8,12) 
641    1 4 84: 5:(0.50,2,4) 11:(0.17,1,6) 16:(0.14,1,7) 23:(0.19,16,84) 
642    1 4 84: 5:(0.50,2,4) 11:(0.17,1,6) 17:(0.29,2,7) 23:(0.05,4,84) 
643    2 4 84: 5:(0.50,2,4) 11:(0.17,1,6) 18:(0.43,3,7) 23:(0.90,76,84) 
644    2 4 84: 5:(0.50,2,4) 11:(0.17,1,6) 19:(0.57,4,7) 23:(0.76,64,84) 
645    2 4 84: 5:(0.50,2,4) 11:(0.17,1,6) 20:(0.71,5,7) 23:(0.62,52,84) 
646    2 4 84: 5:(0.50,2,4) 11:(0.17,1,6) 21:(0.86,6,7) 23:(0.48,40,84) 
647    2 4 12: 5:(0.50,2,4) 12:(0.33,2,6) 12:(0.33,2,6) 23:(0.83,10,12) 
648    2 4 12: 5:(0.50,2,4) 12:(0.33,2,6) 15:(0.83,5,6) 23:(0.33,4,12) 
649    1 4 84: 5:(0.50,2,4) 12:(0.33,2,6) 16:(0.14,1,7) 23:(0.02,2,84) 
650    2 4 84: 5:(0.50,2,4) 12:(0.33,2,6) 17:(0.29,2,7) 23:(0.88,74,84) 
651    2 4 84: 5:(0.50,2,4) 12:(0.33,2,6) 18:(0.43,3,7) 23:(0.74,62,84) 
652    2 4 84: 5:(0.50,2,4) 12:(0.33,2,6) 19:(0.57,4,7) 23:(0.60,50,84) 
653    2 4 84: 5:(0.50,2,4) 12:(0.33,2,6) 20:(0.71,5,7) 23:(0.45,38,84) 
654    2 4 84: 5:(0.50,2,4) 12:(0.33,2,6) 21:(0.86,6,7) 23:(0.31,26,84) 
655    2 4 12: 5:(0.50,2,4) 14:(0.67,4,6) 14:(0.67,4,6) 23:(0.17,2,12) 
656    2 4 84: 5:(0.50,2,4) 14:(0.67,4,6) 16:(0.14,1,7) 23:(0.69,58,84) 
657    2 4 84: 5:(0.50,2,4) 14:(0.67,4,6) 17:(0.29,2,7) 23:(0.55,46,84) 
658    2 4 84: 5:(0.50,2,4) 14:(0.67,4,6) 18:(0.43,3,7) 23:(0.40,34,84) 
659    2 4 84: 5:(0.50,2,4) 14:(0.67,4,6) 19:(0.57,4,7) 23:(0.26,22,84) 
660    2 4 84: 5:(0.50,2,4) 14:(0.67,4,6) 20:(0.71,5,7) 23:(0.12,10,84) 
661    3 4 84: 5:(0.50,2,4) 14:(0.67,4,6) 21:(0.86,6,7) 23:(0.98,82,84) 
662    3 4 12: 5:(0.50,2,4) 15:(0.83,5,6) 15:(0.83,5,6) 23:(0.83,10,12) 
663    2 4 84: 5:(0.50,2,4) 15:(0.83,5,6) 16:(0.14,1,7) 23:(0.52,44,84) 
664    2 4 84: 5:(0.50,2,4) 15:(0.83,5,6) 17:(0.29,2,7) 23:(0.38,32,84) 
665    2 4 84: 5:(0.50,2,4) 15:(0.83,5,6) 18:(0.43,3,7) 23:(0.24,20,84) 
666    2 4 84: 5:(0.50,2,4) 15:(0.83,5,6) 19:(0.57,4,7) 23:(0.10,8,84) 
667    3 4 84: 5:(0.50,2,4) 15:(0.83,5,6) 20:(0.71,5,7) 23:(0.95,80,84) 
668    3 4 84: 5:(0.50,2,4) 15:(0.83,5,6) 21:(0.86,6,7) 23:(0.81,68,84) 
669    1 4 28: 5:(0.50,2,4) 16:(0.14,1,7) 16:(0.14,1,7) 23:(0.21,6,28) 
670    1 4 28: 5:(0.50,2,4) 16:(0.14,1,7) 17:(0.29,2,7) 23:(0.07,2,28) 
671    2 4 28: 5:(0.50,2,4) 16:(0.14,1,7) 18:(0.43,3,7) 23:(0.93,26,28) 
672    2 4 28: 5:(0.50,2,4) 16:(0.14,1,7) 19:(0.57,4,7) 23:(0.79,22,28) 
673    2 4 28: 5:(0.50,2,4) 16:(0.14,1,7) 20:(0.71,5,7) 23:(0.64,18,28) 
674    2 4 28: 5:(0.50,2,4) 17:(0.29,2,7) 17:(0.29,2,7) 23:(0.93,26,28) 
675    2 4 28: 5:(0.50,2,4) 17:(0.29,2,7) 18:(0.43,3,7) 23:(0.79,22,28) 
676    2 4 28: 5:(0.50,2,4) 17:(0.29,2,7) 19:(0.57,4,7) 23:(0.64,18,28) 
677    2 4 28: 5:(0.50,2,4) 17:(0.29,2,7) 21:(0.86,6,7) 23:(0.36,10,28) 
678    2 4 28: 5:(0.50,2,4) 18:(0.43,3,7) 18:(0.43,3,7) 23:(0.64,18,28) 
679    2 4 28: 5:(0.50,2,4) 18:(0.43,3,7) 20:(0.71,5,7) 23:(0.36,10,28) 
680    2 4 28: 5:(0.50,2,4) 18:(0.43,3,7) 21:(0.86,6,7) 23:(0.21,6,28) 
681    2 4 28: 5:(0.50,2,4) 19:(0.57,4,7) 19:(0.57,4,7) 23:(0.36,10,28) 
682    2 4 28: 5:(0.50,2,4) 19:(0.57,4,7) 20:(0.71,5,7) 23:(0.21,6,28) 
683    2 4 28: 5:(0.50,2,4) 19:(0.57,4,7) 21:(0.86,6,7) 23:(0.07,2,28) 
684    2 4 28: 5:(0.50,2,4) 20:(0.71,5,7) 20:(0.71,5,7) 23:(0.07,2,28) 
685    3 4 28: 5:(0.50,2,4) 20:(0.71,5,7) 21:(0.86,6,7) 23:(0.93,26,28) 
686    3 4 28: 5:(0.50,2,4) 21:(0.86,6,7) 21:(0.86,6,7) 23:(0.79,22,28) 
687    2 4 20: 6:(0.75,3,4) 6:(0.75,3,4) 7:(0.20,1,5) 23:(0.30,6,20) 
688    2 4 20: 6:(0.75,3,4) 6:(0.75,3,4) 8:(0.40,2,5) 23:(0.10,2,20) 
689    3 4 20: 6:(0.75,3,4) 6:(0.75,3,4) 9:(0.60,3,5) 23:(0.90,18,20) 
690    3 4 20: 6:(0.75,3,4) 6:(0.75,3,4) 10:(0.80,4,5) 23:(0.70,14,20) 
691    2 4 12: 6:(0.75,3,4) 6:(0.75,3,4) 11:(0.17,1,6) 23:(0.33,4,12) 
692    2 4 12: 6:(0.75,3,4) 6:(0.75,3,4) 12:(0.33,2,6) 23:(0.17,2,12) 
693    3 4 12: 6:(0.75,3,4) 6:(0.75,3,4) 14:(0.67,4,6) 23:(0.83,10,12) 
694    3 4 12: 6:(0.75,3,4) 6:(0.75,3,4) 15:(0.83,5,6) 23:(0.67,8,12) 
695    2 4 28: 6:(0.75,3,4) 6:(0.75,3,4) 16:(0.14,1,7) 23:(0.36,10,28) 
696    2 4 28: 6:(0.75,3,4) 6:(0.75,3,4) 17:(0.29,2,7) 23:(0.21,6,28) 
697    2 4 28: 6:(0.75,3,4) 6:(0.75,3,4) 18:(0.43,3,7) 23:(0.07,2,28) 
698    3 4 28: 6:(0.75,3,4) 6:(0.75,3,4) 19:(0.57,4,7) 23:(0.93,26,28) 
699    3 4 28: 6:(0.75,3,4) 6:(0.75,3,4) 20:(0.71,5,7) 23:(0.79,22,28) 
700    3 4 28: 6:(0.75,3,4) 6:(0.75,3,4) 21:(0.86,6,7) 23:(0.64,18,28) 
701    2 4 20: 6:(0.75,3,4) 7:(0.20,1,5) 7:(0.20,1,5) 23:(0.85,17,20) 
702    2 4 20: 6:(0.75,3,4) 7:(0.20,1,5) 8:(0.40,2,5) 23:(0.65,13,20) 
703    2 4 20: 6:(0.75,3,4) 7:(0.20,1,5) 9:(0.60,3,5) 23:(0.45,9,20) 
704    2 4 60: 6:(0.75,3,4) 7:(0.20,1,5) 11:(0.17,1,6) 23:(0.88,53,60) 
705    2 4 60: 6:(0.75,3,4) 7:(0.20,1,5) 12:(0.33,2,6) 23:(0.72,43,60) 
706    2 4 60: 6:(0.75,3,4) 7:(0.20,1,5) 13:(0.50,3,6) 23:(0.55,33,60) 
707    2 4 60: 6:(0.75,3,4) 7:(0.20,1,5) 14:(0.67,4,6) 23:(0.38,23,60) 
708    2 4 60: 6:(0.75,3,4) 7:(0.20,1,5) 15:(0.83,5,6) 23:(0.22,13,60) 
709    2 4 140: 6:(0.75,3,4) 7:(0.20,1,5) 16:(0.14,1,7) 23:(0.91,127,140) 
710    2 4 140: 6:(0.75,3,4) 7:(0.20,1,5) 17:(0.29,2,7) 23:(0.76,107,140) 
711    2 4 140: 6:(0.75,3,4) 7:(0.20,1,5) 18:(0.43,3,7) 23:(0.62,87,140) 
712    2 4 140: 6:(0.75,3,4) 7:(0.20,1,5) 19:(0.57,4,7) 23:(0.48,67,140) 
713    2 4 140: 6:(0.75,3,4) 7:(0.20,1,5) 20:(0.71,5,7) 23:(0.34,47,140) 
714    2 4 140: 6:(0.75,3,4) 7:(0.20,1,5) 21:(0.86,6,7) 23:(0.19,27,140) 
715    2 4 20: 6:(0.75,3,4) 8:(0.40,2,5) 8:(0.40,2,5) 23:(0.45,9,20) 
716    2 4 20: 6:(0.75,3,4) 8:(0.40,2,5) 10:(0.80,4,5) 23:(0.05,1,20) 
717    2 4 60: 6:(0.75,3,4) 8:(0.40,2,5) 11:(0.17,1,6) 23:(0.68,41,60) 
718    2 4 60: 6:(0.75,3,4) 8:(0.40,2,5) 12:(0.33,2,6) 23:(0.52,31,60) 
719    2 4 60: 6:(0.75,3,4) 8:(0.40,2,5) 13:(0.50,3,6) 23:(0.35,21,60) 
720    2 4 60: 6:(0.75,3,4) 8:(0.40,2,5) 14:(0.67,4,6) 23:(0.18,11,60) 
721    2 4 60: 6:(0.75,3,4) 8:(0.40,2,5) 15:(0.83,5,6) 23:(0.02,1,60) 
722    2 4 140: 6:(0.75,3,4) 8:(0.40,2,5) 16:(0.14,1,7) 23:(0.71,99,140) 
723    2 4 140: 6:(0.75,3,4) 8:(0.40,2,5) 17:(0.29,2,7) 23:(0.56,79,140) 
724    2 4 140: 6:(0.75,3,4) 8:(0.40,2,5) 18:(0.43,3,7) 23:(0.42,59,140) 
725    2 4 140: 6:(0.75,3,4) 8:(0.40,2,5) 19:(0.57,4,7) 23:(0.28,39,140) 
726    2 4 140: 6:(0.75,3,4) 8:(0.40,2,5) 20:(0.71,5,7) 23:(0.14,19,140) 
727    3 4 140: 6:(0.75,3,4) 8:(0.40,2,5) 21:(0.86,6,7) 23:(0.99,139,140) 
728    2 4 20: 6:(0.75,3,4) 9:(0.60,3,5) 9:(0.60,3,5) 23:(0.05,1,20) 
729    3 4 20: 6:(0.75,3,4) 9:(0.60,3,5) 10:(0.80,4,5) 23:(0.85,17,20) 
730    2 4 60: 6:(0.75,3,4) 9:(0.60,3,5) 11:(0.17,1,6) 23:(0.48,29,60) 
731    2 4 60: 6:(0.75,3,4) 9:(0.60,3,5) 12:(0.33,2,6) 23:(0.32,19,60) 
732    2 4 60: 6:(0.75,3,4) 9:(0.60,3,5) 13:(0.50,3,6) 23:(0.15,9,60) 
733    3 4 60: 6:(0.75,3,4) 9:(0.60,3,5) 14:(0.67,4,6) 23:(0.98,59,60) 
734    3 4 60: 6:(0.75,3,4) 9:(0.60,3,5) 15:(0.83,5,6) 23:(0.82,49,60) 
735    2 4 140: 6:(0.75,3,4) 9:(0.60,3,5) 16:(0.14,1,7) 23:(0.51,71,140) 
736    2 4 140: 6:(0.75,3,4) 9:(0.60,3,5) 17:(0.29,2,7) 23:(0.36,51,140) 
737    2 4 140: 6:(0.75,3,4) 9:(0.60,3,5) 18:(0.43,3,7) 23:(0.22,31,140) 
738    2 4 140: 6:(0.75,3,4) 9:(0.60,3,5) 19:(0.57,4,7) 23:(0.08,11,140) 
739    3 4 140: 6:(0.75,3,4) 9:(0.60,3,5) 20:(0.71,5,7) 23:(0.94,131,140) 
740    3 4 140: 6:(0.75,3,4) 9:(0.60,3,5) 21:(0.86,6,7) 23:(0.79,111,140) 
741    3 4 20: 6:(0.75,3,4) 10:(0.80,4,5) 10:(0.80,4,5) 23:(0.65,13,20) 
742    2 4 60: 6:(0.75,3,4) 10:(0.80,4,5) 11:(0.17,1,6) 23:(0.28,17,60) 
743    2 4 60: 6:(0.75,3,4) 10:(0.80,4,5) 12:(0.33,2,6) 23:(0.12,7,60) 
744    3 4 60: 6:(0.75,3,4) 10:(0.80,4,5) 13:(0.50,3,6) 23:(0.95,57,60) 
745    3 4 60: 6:(0.75,3,4) 10:(0.80,4,5) 14:(0.67,4,6) 23:(0.78,47,60) 
746    3 4 60: 6:(0.75,3,4) 10:(0.80,4,5) 15:(0.83,5,6) 23:(0.62,37,60) 
747    2 4 140: 6:(0.75,3,4) 10:(0.80,4,5) 16:(0.14,1,7) 23:(0.31,43,140) 
748    2 4 140: 6:(0.75,3,4) 10:(0.80,4,5) 17:(0.29,2,7) 23:(0.16,23,140) 
749    2 4 140: 6:(0.75,3,4) 10:(0.80,4,5) 18:(0.43,3,7) 23:(0.02,3,140) 
750    3 4 140: 6:(0.75,3,4) 10:(0.80,4,5) 19:(0.57,4,7) 23:(0.88,123,140) 
751    3 4 140: 6:(0.75,3,4) 10:(0.80,4,5) 20:(0.71,5,7) 23:(0.74,103,140) 
752    3 4 140: 6:(0.75,3,4) 10:(0.80,4,5) 21:(0.86,6,7) 23:(0.59,83,140) 
753    2 4 12: 6:(0.75,3,4) 11:(0.17,1,6) 11:(0.17,1,6) 23:(0.92,11,12) 
754    2 4 12: 6:(0.75,3,4) 11:(0.17,1,6) 12:(0.33,2,6) 23:(0.75,9,12) 
755    2 4 12: 6:(0.75,3,4) 11:(0.17,1,6) 13:(0.50,3,6) 23:(0.58,7,12) 
756    2 4 12: 6:(0.75,3,4) 11:(0.17,1,6) 14:(0.67,4,6) 23:(0.42,5,12) 
757    2 4 84: 6:(0.75,3,4) 11:(0.17,1,6) 16:(0.14,1,7) 23:(0.94,79,84) 
758    2 4 84: 6:(0.75,3,4) 11:(0.17,1,6) 17:(0.29,2,7) 23:(0.80,67,84) 
759    2 4 84: 6:(0.75,3,4) 11:(0.17,1,6) 18:(0.43,3,7) 23:(0.65,55,84) 
760    2 4 84: 6:(0.75,3,4) 11:(0.17,1,6) 19:(0.57,4,7) 23:(0.51,43,84) 
761    2 4 84: 6:(0.75,3,4) 11:(0.17,1,6) 20:(0.71,5,7) 23:(0.37,31,84) 
762    2 4 84: 6:(0.75,3,4) 11:(0.17,1,6) 21:(0.86,6,7) 23:(0.23,19,84) 
763    2 4 12: 6:(0.75,3,4) 12:(0.33,2,6) 12:(0.33,2,6) 23:(0.58,7,12) 
764    2 4 12: 6:(0.75,3,4) 12:(0.33,2,6) 13:(0.50,3,6) 23:(0.42,5,12) 
765    2 4 12: 6:(0.75,3,4) 12:(0.33,2,6) 15:(0.83,5,6) 23:(0.08,1,12) 
766    2 4 84: 6:(0.75,3,4) 12:(0.33,2,6) 16:(0.14,1,7) 23:(0.77,65,84) 
767    2 4 84: 6:(0.75,3,4) 12:(0.33,2,6) 17:(0.29,2,7) 23:(0.63,53,84) 
768    2 4 84: 6:(0.75,3,4) 12:(0.33,2,6) 18:(0.43,3,7) 23:(0.49,41,84) 
769    2 4 84: 6:(0.75,3,4) 12:(0.33,2,6) 19:(0.57,4,7) 23:(0.35,29,84) 
770    2 4 84: 6:(0.75,3,4) 12:(0.33,2,6) 20:(0.71,5,7) 23:(0.20,17,84) 
771    2 4 84: 6:(0.75,3,4) 12:(0.33,2,6) 21:(0.86,6,7) 23:(0.06,5,84) 
772    2 4 12: 6:(0.75,3,4) 13:(0.50,3,6) 14:(0.67,4,6) 23:(0.08,1,12) 
773    3 4 12: 6:(0.75,3,4) 13:(0.50,3,6) 15:(0.83,5,6) 23:(0.92,11,12) 
774    2 4 84: 6:(0.75,3,4) 13:(0.50,3,6) 16:(0.14,1,7) 23:(0.61,51,84) 
775    2 4 84: 6:(0.75,3,4) 13:(0.50,3,6) 17:(0.29,2,7) 23:(0.46,39,84) 
776    2 4 84: 6:(0.75,3,4) 13:(0.50,3,6) 18:(0.43,3,7) 23:(0.32,27,84) 
777    2 4 84: 6:(0.75,3,4) 13:(0.50,3,6) 19:(0.57,4,7) 23:(0.18,15,84) 
778    2 4 84: 6:(0.75,3,4) 13:(0.50,3,6) 20:(0.71,5,7) 23:(0.04,3,84) 
779    3 4 84: 6:(0.75,3,4) 13:(0.50,3,6) 21:(0.86,6,7) 23:(0.89,75,84) 
780    3 4 12: 6:(0.75,3,4) 14:(0.67,4,6) 14:(0.67,4,6) 23:(0.92,11,12) 
781    3 4 12: 6:(0.75,3,4) 14:(0.67,4,6) 15:(0.83,5,6) 23:(0.75,9,12) 
782    2 4 84: 6:(0.75,3,4) 14:(0.67,4,6) 16:(0.14,1,7) 23:(0.44,37,84) 
783    2 4 84: 6:(0.75,3,4) 14:(0.67,4,6) 17:(0.29,2,7) 23:(0.30,25,84) 
784    2 4 84: 6:(0.75,3,4) 14:(0.67,4,6) 18:(0.43,3,7) 23:(0.15,13,84) 
785    2 4 84: 6:(0.75,3,4) 14:(0.67,4,6) 19:(0.57,4,7) 23:(0.01,1,84) 
786    3 4 84: 6:(0.75,3,4) 14:(0.67,4,6) 20:(0.71,5,7) 23:(0.87,73,84) 
787    3 4 84: 6:(0.75,3,4) 14:(0.67,4,6) 21:(0.86,6,7) 23:(0.73,61,84) 
788    3 4 12: 6:(0.75,3,4) 15:(0.83,5,6) 15:(0.83,5,6) 23:(0.58,7,12) 
789    2 4 84: 6:(0.75,3,4) 15:(0.83,5,6) 16:(0.14,1,7) 23:(0.27,23,84) 
790    2 4 84: 6:(0.75,3,4) 15:(0.83,5,6) 17:(0.29,2,7) 23:(0.13,11,84) 
791    3 4 84: 6:(0.75,3,4) 15:(0.83,5,6) 18:(0.43,3,7) 23:(0.99,83,84) 
792    3 4 84: 6:(0.75,3,4) 15:(0.83,5,6) 19:(0.57,4,7) 23:(0.85,71,84) 
793    3 4 84: 6:(0.75,3,4) 15:(0.83,5,6) 20:(0.71,5,7) 23:(0.70,59,84) 
794    3 4 84: 6:(0.75,3,4) 15:(0.83,5,6) 21:(0.86,6,7) 23:(0.56,47,84) 
795    2 4 28: 6:(0.75,3,4) 16:(0.14,1,7) 16:(0.14,1,7) 23:(0.96,27,28) 
796    2 4 28: 6:(0.75,3,4) 16:(0.14,1,7) 17:(0.29,2,7) 23:(0.82,23,28) 
797    2 4 28: 6:(0.75,3,4) 16:(0.14,1,7) 18:(0.43,3,7) 23:(0.68,19,28) 
798    2 4 28: 6:(0.75,3,4) 16:(0.14,1,7) 19:(0.57,4,7) 23:(0.54,15,28) 
799    2 4 28: 6:(0.75,3,4) 16:(0.14,1,7) 20:(0.71,5,7) 23:(0.39,11,28) 
800    2 4 28: 6:(0.75,3,4) 17:(0.29,2,7) 17:(0.29,2,7) 23:(0.68,19,28) 
801    2 4 28: 6:(0.75,3,4) 17:(0.29,2,7) 18:(0.43,3,7) 23:(0.54,15,28) 
802    2 4 28: 6:(0.75,3,4) 17:(0.29,2,7) 19:(0.57,4,7) 23:(0.39,11,28) 
803    2 4 28: 6:(0.75,3,4) 17:(0.29,2,7) 21:(0.86,6,7) 23:(0.11,3,28) 
804    2 4 28: 6:(0.75,3,4) 18:(0.43,3,7) 18:(0.43,3,7) 23:(0.39,11,28) 
805    2 4 28: 6:(0.75,3,4) 18:(0.43,3,7) 20:(0.71,5,7) 23:(0.11,3,28) 
806    3 4 28: 6:(0.75,3,4) 18:(0.43,3,7) 21:(0.86,6,7) 23:(0.96,27,28) 
807    2 4 28: 6:(0.75,3,4) 19:(0.57,4,7) 19:(0.57,4,7) 23:(0.11,3,28) 
808    3 4 28: 6:(0.75,3,4) 19:(0.57,4,7) 20:(0.71,5,7) 23:(0.96,27,28) 
809    3 4 28: 6:(0.75,3,4) 19:(0.57,4,7) 21:(0.86,6,7) 23:(0.82,23,28) 
810    3 4 28: 6:(0.75,3,4) 20:(0.71,5,7) 20:(0.71,5,7) 23:(0.82,23,28) 
811    3 4 28: 6:(0.75,3,4) 20:(0.71,5,7) 21:(0.86,6,7) 23:(0.68,19,28) 
812    3 4 28: 6:(0.75,3,4) 21:(0.86,6,7) 21:(0.86,6,7) 23:(0.54,15,28) 
813    1 4 30: 7:(0.20,1,5) 7:(0.20,1,5) 11:(0.17,1,6) 23:(0.43,13,30) 
814    1 4 30: 7:(0.20,1,5) 7:(0.20,1,5) 12:(0.33,2,6) 23:(0.27,8,30) 
815    1 4 30: 7:(0.20,1,5) 7:(0.20,1,5) 13:(0.50,3,6) 23:(0.10,3,30) 
816    2 4 30: 7:(0.20,1,5) 7:(0.20,1,5) 14:(0.67,4,6) 23:(0.93,28,30) 
817    2 4 30: 7:(0.20,1,5) 7:(0.20,1,5) 15:(0.83,5,6) 23:(0.77,23,30) 
818    1 4 35: 7:(0.20,1,5) 7:(0.20,1,5) 16:(0.14,1,7) 23:(0.46,16,35) 
819    1 4 35: 7:(0.20,1,5) 7:(0.20,1,5) 17:(0.29,2,7) 23:(0.31,11,35) 
820    1 4 35: 7:(0.20,1,5) 7:(0.20,1,5) 18:(0.43,3,7) 23:(0.17,6,35) 
821    1 4 35: 7:(0.20,1,5) 7:(0.20,1,5) 19:(0.57,4,7) 23:(0.03,1,35) 
822    2 4 35: 7:(0.20,1,5) 7:(0.20,1,5) 20:(0.71,5,7) 23:(0.89,31,35) 
823    2 4 35: 7:(0.20,1,5) 7:(0.20,1,5) 21:(0.86,6,7) 23:(0.74,26,35) 
824    1 4 30: 7:(0.20,1,5) 8:(0.40,2,5) 11:(0.17,1,6) 23:(0.23,7,30) 
825    1 4 30: 7:(0.20,1,5) 8:(0.40,2,5) 12:(0.33,2,6) 23:(0.07,2,30) 
826    2 4 30: 7:(0.20,1,5) 8:(0.40,2,5) 13:(0.50,3,6) 23:(0.90,27,30) 
827    2 4 30: 7:(0.20,1,5) 8:(0.40,2,5) 14:(0.67,4,6) 23:(0.73,22,30) 
828    2 4 30: 7:(0.20,1,5) 8:(0.40,2,5) 15:(0.83,5,6) 23:(0.57,17,30) 
829    1 4 35: 7:(0.20,1,5) 8:(0.40,2,5) 16:(0.14,1,7) 23:(0.26,9,35) 
830    1 4 35: 7:(0.20,1,5) 8:(0.40,2,5) 17:(0.29,2,7) 23:(0.11,4,35) 
831    2 4 35: 7:(0.20,1,5) 8:(0.40,2,5) 18:(0.43,3,7) 23:(0.97,34,35) 
832    2 4 35: 7:(0.20,1,5) 8:(0.40,2,5) 19:(0.57,4,7) 23:(0.83,29,35) 
833    2 4 35: 7:(0.20,1,5) 8:(0.40,2,5) 20:(0.71,5,7) 23:(0.69,24,35) 
834    2 4 35: 7:(0.20,1,5) 8:(0.40,2,5) 21:(0.86,6,7) 23:(0.54,19,35) 
835    1 4 30: 7:(0.20,1,5) 9:(0.60,3,5) 11:(0.17,1,6) 23:(0.03,1,30) 
836    2 4 30: 7:(0.20,1,5) 9:(0.60,3,5) 12:(0.33,2,6) 23:(0.87,26,30) 
837    2 4 30: 7:(0.20,1,5) 9:(0.60,3,5) 13:(0.50,3,6) 23:(0.70,21,30) 
838    2 4 30: 7:(0.20,1,5) 9:(0.60,3,5) 14:(0.67,4,6) 23:(0.53,16,30) 
839    2 4 30: 7:(0.20,1,5) 9:(0.60,3,5) 15:(0.83,5,6) 23:(0.37,11,30) 
840    1 4 35: 7:(0.20,1,5) 9:(0.60,3,5) 16:(0.14,1,7) 23:(0.06,2,35) 
841    2 4 35: 7:(0.20,1,5) 9:(0.60,3,5) 17:(0.29,2,7) 23:(0.91,32,35) 
842    2 4 35: 7:(0.20,1,5) 9:(0.60,3,5) 18:(0.43,3,7) 23:(0.77,27,35) 
843    2 4 35: 7:(0.20,1,5) 9:(0.60,3,5) 19:(0.57,4,7) 23:(0.63,22,35) 
844    2 4 35: 7:(0.20,1,5) 9:(0.60,3,5) 20:(0.71,5,7) 23:(0.49,17,35) 
845    2 4 35: 7:(0.20,1,5) 9:(0.60,3,5) 21:(0.86,6,7) 23:(0.34,12,35) 
846    1 4 30: 7:(0.20,1,5) 11:(0.17,1,6) 11:(0.17,1,6) 23:(0.47,14,30) 
847    1 4 30: 7:(0.20,1,5) 11:(0.17,1,6) 12:(0.33,2,6) 23:(0.30,9,30) 
848    1 4 30: 7:(0.20,1,5) 11:(0.17,1,6) 13:(0.50,3,6) 23:(0.13,4,30) 
849    2 4 30: 7:(0.20,1,5) 11:(0.17,1,6) 14:(0.67,4,6) 23:(0.97,29,30) 
850    1 4 210: 7:(0.20,1,5) 11:(0.17,1,6) 16:(0.14,1,7) 23:(0.49,103,210) 
851    1 4 210: 7:(0.20,1,5) 11:(0.17,1,6) 17:(0.29,2,7) 23:(0.35,73,210) 
852    1 4 210: 7:(0.20,1,5) 11:(0.17,1,6) 18:(0.43,3,7) 23:(0.20,43,210) 
853    1 4 210: 7:(0.20,1,5) 11:(0.17,1,6) 19:(0.57,4,7) 23:(0.06,13,210) 
854    2 4 210: 7:(0.20,1,5) 11:(0.17,1,6) 20:(0.71,5,7) 23:(0.92,193,210) 
855    2 4 210: 7:(0.20,1,5) 11:(0.17,1,6) 21:(0.86,6,7) 23:(0.78,163,210) 
856    1 4 30: 7:(0.20,1,5) 12:(0.33,2,6) 12:(0.33,2,6) 23:(0.13,4,30) 
857    2 4 30: 7:(0.20,1,5) 12:(0.33,2,6) 13:(0.50,3,6) 23:(0.97,29,30) 
858    2 4 30: 7:(0.20,1,5) 12:(0.33,2,6) 15:(0.83,5,6) 23:(0.63,19,30) 
859    1 4 210: 7:(0.20,1,5) 12:(0.33,2,6) 16:(0.14,1,7) 23:(0.32,68,210) 
860    1 4 210: 7:(0.20,1,5) 12:(0.33,2,6) 17:(0.29,2,7) 23:(0.18,38,210) 
861    1 4 210: 7:(0.20,1,5) 12:(0.33,2,6) 18:(0.43,3,7) 23:(0.04,8,210) 
862    2 4 210: 7:(0.20,1,5) 12:(0.33,2,6) 19:(0.57,4,7) 23:(0.90,188,210) 
863    2 4 210: 7:(0.20,1,5) 12:(0.33,2,6) 20:(0.71,5,7) 23:(0.75,158,210) 
864    2 4 210: 7:(0.20,1,5) 12:(0.33,2,6) 21:(0.86,6,7) 23:(0.61,128,210) 
865    2 4 30: 7:(0.20,1,5) 13:(0.50,3,6) 14:(0.67,4,6) 23:(0.63,19,30) 
866    2 4 30: 7:(0.20,1,5) 13:(0.50,3,6) 15:(0.83,5,6) 23:(0.47,14,30) 
867    1 4 210: 7:(0.20,1,5) 13:(0.50,3,6) 16:(0.14,1,7) 23:(0.16,33,210) 
868    1 4 210: 7:(0.20,1,5) 13:(0.50,3,6) 17:(0.29,2,7) 23:(0.01,3,210) 
869    2 4 210: 7:(0.20,1,5) 13:(0.50,3,6) 18:(0.43,3,7) 23:(0.87,183,210) 
870    2 4 210: 7:(0.20,1,5) 13:(0.50,3,6) 19:(0.57,4,7) 23:(0.73,153,210) 
871    2 4 210: 7:(0.20,1,5) 13:(0.50,3,6) 20:(0.71,5,7) 23:(0.59,123,210) 
872    2 4 210: 7:(0.20,1,5) 13:(0.50,3,6) 21:(0.86,6,7) 23:(0.44,93,210) 
873    2 4 30: 7:(0.20,1,5) 14:(0.67,4,6) 14:(0.67,4,6) 23:(0.47,14,30) 
874    2 4 30: 7:(0.20,1,5) 14:(0.67,4,6) 15:(0.83,5,6) 23:(0.30,9,30) 
875    2 4 210: 7:(0.20,1,5) 14:(0.67,4,6) 16:(0.14,1,7) 23:(0.99,208,210) 
876    2 4 210: 7:(0.20,1,5) 14:(0.67,4,6) 17:(0.29,2,7) 23:(0.85,178,210) 
877    2 4 210: 7:(0.20,1,5) 14:(0.67,4,6) 18:(0.43,3,7) 23:(0.70,148,210) 
878    2 4 210: 7:(0.20,1,5) 14:(0.67,4,6) 19:(0.57,4,7) 23:(0.56,118,210) 
879    2 4 210: 7:(0.20,1,5) 14:(0.67,4,6) 20:(0.71,5,7) 23:(0.42,88,210) 
880    2 4 210: 7:(0.20,1,5) 14:(0.67,4,6) 21:(0.86,6,7) 23:(0.28,58,210) 
881    2 4 30: 7:(0.20,1,5) 15:(0.83,5,6) 15:(0.83,5,6) 23:(0.13,4,30) 
882    2 4 210: 7:(0.20,1,5) 15:(0.83,5,6) 16:(0.14,1,7) 23:(0.82,173,210) 
883    2 4 210: 7:(0.20,1,5) 15:(0.83,5,6) 17:(0.29,2,7) 23:(0.68,143,210) 
884    2 4 210: 7:(0.20,1,5) 15:(0.83,5,6) 18:(0.43,3,7) 23:(0.54,113,210) 
885    2 4 210: 7:(0.20,1,5) 15:(0.83,5,6) 19:(0.57,4,7) 23:(0.40,83,210) 
886    2 4 210: 7:(0.20,1,5) 15:(0.83,5,6) 20:(0.71,5,7) 23:(0.25,53,210) 
887    2 4 210: 7:(0.20,1,5) 15:(0.83,5,6) 21:(0.86,6,7) 23:(0.11,23,210) 
888    1 4 35: 7:(0.20,1,5) 16:(0.14,1,7) 16:(0.14,1,7) 23:(0.51,18,35) 
889    1 4 35: 7:(0.20,1,5) 16:(0.14,1,7) 17:(0.29,2,7) 23:(0.37,13,35) 
890    1 4 35: 7:(0.20,1,5) 16:(0.14,1,7) 18:(0.43,3,7) 23:(0.23,8,35) 
891    1 4 35: 7:(0.20,1,5) 16:(0.14,1,7) 19:(0.57,4,7) 23:(0.09,3,35) 
892    2 4 35: 7:(0.20,1,5) 16:(0.14,1,7) 20:(0.71,5,7) 23:(0.94,33,35) 
893    1 4 35: 7:(0.20,1,5) 17:(0.29,2,7) 17:(0.29,2,7) 23:(0.23,8,35) 
894    1 4 35: 7:(0.20,1,5) 17:(0.29,2,7) 18:(0.43,3,7) 23:(0.09,3,35) 
895    2 4 35: 7:(0.20,1,5) 17:(0.29,2,7) 19:(0.57,4,7) 23:(0.94,33,35) 
896    2 4 35: 7:(0.20,1,5) 17:(0.29,2,7) 21:(0.86,6,7) 23:(0.66,23,35) 
897    2 4 35: 7:(0.20,1,5) 18:(0.43,3,7) 18:(0.43,3,7) 23:(0.94,33,35) 
898    2 4 35: 7:(0.20,1,5) 18:(0.43,3,7) 20:(0.71,5,7) 23:(0.66,23,35) 
899    2 4 35: 7:(0.20,1,5) 18:(0.43,3,7) 21:(0.86,6,7) 23:(0.51,18,35) 
900    2 4 35: 7:(0.20,1,5) 19:(0.57,4,7) 19:(0.57,4,7) 23:(0.66,23,35) 
901    2 4 35: 7:(0.20,1,5) 19:(0.57,4,7) 20:(0.71,5,7) 23:(0.51,18,35) 
902    2 4 35: 7:(0.20,1,5) 19:(0.57,4,7) 21:(0.86,6,7) 23:(0.37,13,35) 
903    2 4 35: 7:(0.20,1,5) 20:(0.71,5,7) 20:(0.71,5,7) 23:(0.37,13,35) 
904    2 4 35: 7:(0.20,1,5) 20:(0.71,5,7) 21:(0.86,6,7) 23:(0.23,8,35) 
905    2 4 35: 7:(0.20,1,5) 21:(0.86,6,7) 21:(0.86,6,7) 23:(0.09,3,35) 
906    1 4 30: 8:(0.40,2,5) 8:(0.40,2,5) 11:(0.17,1,6) 23:(0.03,1,30) 
907    2 4 30: 8:(0.40,2,5) 8:(0.40,2,5) 12:(0.33,2,6) 23:(0.87,26,30) 
908    2 4 30: 8:(0.40,2,5) 8:(0.40,2,5) 13:(0.50,3,6) 23:(0.70,21,30) 
909    2 4 30: 8:(0.40,2,5) 8:(0.40,2,5) 14:(0.67,4,6) 23:(0.53,16,30) 
910    2 4 30: 8:(0.40,2,5) 8:(0.40,2,5) 15:(0.83,5,6) 23:(0.37,11,30) 
911    1 4 35: 8:(0.40,2,5) 8:(0.40,2,5) 16:(0.14,1,7) 23:(0.06,2,35) 
912    2 4 35: 8:(0.40,2,5) 8:(0.40,2,5) 17:(0.29,2,7) 23:(0.91,32,35) 
913    2 4 35: 8:(0.40,2,5) 8:(0.40,2,5) 18:(0.43,3,7) 23:(0.77,27,35) 
914    2 4 35: 8:(0.40,2,5) 8:(0.40,2,5) 19:(0.57,4,7) 23:(0.63,22,35) 
915    2 4 35: 8:(0.40,2,5) 8:(0.40,2,5) 20:(0.71,5,7) 23:(0.49,17,35) 
916    2 4 35: 8:(0.40,2,5) 8:(0.40,2,5) 21:(0.86,6,7) 23:(0.34,12,35) 
917    2 4 30: 8:(0.40,2,5) 10:(0.80,4,5) 11:(0.17,1,6) 23:(0.63,19,30) 
918    2 4 30: 8:(0.40,2,5) 10:(0.80,4,5) 12:(0.33,2,6) 23:(0.47,14,30) 
919    2 4 30: 8:(0.40,2,5) 10:(0.80,4,5) 13:(0.50,3,6) 23:(0.30,9,30) 
920    2 4 30: 8:(0.40,2,5) 10:(0.80,4,5) 14:(0.67,4,6) 23:(0.13,4,30) 
921    3 4 30: 8:(0.40,2,5) 10:(0.80,4,5) 15:(0.83,5,6) 23:(0.97,29,30) 
922    2 4 35: 8:(0.40,2,5) 10:(0.80,4,5) 16:(0.14,1,7) 23:(0.66,23,35) 
923    2 4 35: 8:(0.40,2,5) 10:(0.80,4,5) 17:(0.29,2,7) 23:(0.51,18,35) 
924    2 4 35: 8:(0.40,2,5) 10:(0.80,4,5) 18:(0.43,3,7) 23:(0.37,13,35) 
925    2 4 35: 8:(0.40,2,5) 10:(0.80,4,5) 19:(0.57,4,7) 23:(0.23,8,35) 
926    2 4 35: 8:(0.40,2,5) 10:(0.80,4,5) 20:(0.71,5,7) 23:(0.09,3,35) 
927    3 4 35: 8:(0.40,2,5) 10:(0.80,4,5) 21:(0.86,6,7) 23:(0.94,33,35) 
928    1 4 30: 8:(0.40,2,5) 11:(0.17,1,6) 11:(0.17,1,6) 23:(0.27,8,30) 
929    1 4 30: 8:(0.40,2,5) 11:(0.17,1,6) 12:(0.33,2,6) 23:(0.10,3,30) 
930    2 4 30: 8:(0.40,2,5) 11:(0.17,1,6) 13:(0.50,3,6) 23:(0.93,28,30) 
931    2 4 30: 8:(0.40,2,5) 11:(0.17,1,6) 14:(0.67,4,6) 23:(0.77,23,30) 
932    1 4 210: 8:(0.40,2,5) 11:(0.17,1,6) 16:(0.14,1,7) 23:(0.29,61,210) 
933    1 4 210: 8:(0.40,2,5) 11:(0.17,1,6) 17:(0.29,2,7) 23:(0.15,31,210) 
934    1 4 210: 8:(0.40,2,5) 11:(0.17,1,6) 18:(0.43,3,7) 23:(0.00,1,210) 
935    2 4 210: 8:(0.40,2,5) 11:(0.17,1,6) 19:(0.57,4,7) 23:(0.86,181,210) 
936    2 4 210: 8:(0.40,2,5) 11:(0.17,1,6) 20:(0.71,5,7) 23:(0.72,151,210) 
937    2 4 210: 8:(0.40,2,5) 11:(0.17,1,6) 21:(0.86,6,7) 23:(0.58,121,210) 
938    2 4 30: 8:(0.40,2,5) 12:(0.33,2,6) 12:(0.33,2,6) 23:(0.93,28,30) 
939    2 4 30: 8:(0.40,2,5) 12:(0.33,2,6) 13:(0.50,3,6) 23:(0.77,23,30) 
940    2 4 30: 8:(0.40,2,5) 12:(0.33,2,6) 15:(0.83,5,6) 23:(0.43,13,30) 
941    1 4 210: 8:(0.40,2,5) 12:(0.33,2,6) 16:(0.14,1,7) 23:(0.12,26,210) 
942    2 4 210: 8:(0.40,2,5) 12:(0.33,2,6) 17:(0.29,2,7) 23:(0.98,206,210) 
943    2 4 210: 8:(0.40,2,5) 12:(0.33,2,6) 18:(0.43,3,7) 23:(0.84,176,210) 
944    2 4 210: 8:(0.40,2,5) 12:(0.33,2,6) 19:(0.57,4,7) 23:(0.70,146,210) 
945    2 4 210: 8:(0.40,2,5) 12:(0.33,2,6) 20:(0.71,5,7) 23:(0.55,116,210) 
946    2 4 210: 8:(0.40,2,5) 12:(0.33,2,6) 21:(0.86,6,7) 23:(0.41,86,210) 
947    2 4 30: 8:(0.40,2,5) 13:(0.50,3,6) 14:(0.67,4,6) 23:(0.43,13,30) 
948    2 4 30: 8:(0.40,2,5) 13:(0.50,3,6) 15:(0.83,5,6) 23:(0.27,8,30) 
949    2 4 210: 8:(0.40,2,5) 13:(0.50,3,6) 16:(0.14,1,7) 23:(0.96,201,210) 
950    2 4 210: 8:(0.40,2,5) 13:(0.50,3,6) 17:(0.29,2,7) 23:(0.81,171,210) 
951    2 4 210: 8:(0.40,2,5) 13:(0.50,3,6) 18:(0.43,3,7) 23:(0.67,141,210) 
952    2 4 210: 8:(0.40,2,5) 13:(0.50,3,6) 19:(0.57,4,7) 23:(0.53,111,210) 
953    2 4 210: 8:(0.40,2,5) 13:(0.50,3,6) 20:(0.71,5,7) 23:(0.39,81,210) 
954    2 4 210: 8:(0.40,2,5) 13:(0.50,3,6) 21:(0.86,6,7) 23:(0.24,51,210) 
955    2 4 30: 8:(0.40,2,5) 14:(0.67,4,6) 14:(0.67,4,6) 23:(0.27,8,30) 
956    2 4 30: 8:(0.40,2,5) 14:(0.67,4,6) 15:(0.83,5,6) 23:(0.10,3,30) 
957    2 4 210: 8:(0.40,2,5) 14:(0.67,4,6) 16:(0.14,1,7) 23:(0.79,166,210) 
958    2 4 210: 8:(0.40,2,5) 14:(0.67,4,6) 17:(0.29,2,7) 23:(0.65,136,210) 
959    2 4 210: 8:(0.40,2,5) 14:(0.67,4,6) 18:(0.43,3,7) 23:(0.50,106,210) 
960    2 4 210: 8:(0.40,2,5) 14:(0.67,4,6) 19:(0.57,4,7) 23:(0.36,76,210) 
961    2 4 210: 8:(0.40,2,5) 14:(0.67,4,6) 20:(0.71,5,7) 23:(0.22,46,210) 
962    2 4 210: 8:(0.40,2,5) 14:(0.67,4,6) 21:(0.86,6,7) 23:(0.08,16,210) 
963    3 4 30: 8:(0.40,2,5) 15:(0.83,5,6) 15:(0.83,5,6) 23:(0.93,28,30) 
964    2 4 210: 8:(0.40,2,5) 15:(0.83,5,6) 16:(0.14,1,7) 23:(0.62,131,210) 
965    2 4 210: 8:(0.40,2,5) 15:(0.83,5,6) 17:(0.29,2,7) 23:(0.48,101,210) 
966    2 4 210: 8:(0.40,2,5) 15:(0.83,5,6) 18:(0.43,3,7) 23:(0.34,71,210) 
967    2 4 210: 8:(0.40,2,5) 15:(0.83,5,6) 19:(0.57,4,7) 23:(0.20,41,210) 
968    2 4 210: 8:(0.40,2,5) 15:(0.83,5,6) 20:(0.71,5,7) 23:(0.05,11,210) 
969    3 4 210: 8:(0.40,2,5) 15:(0.83,5,6) 21:(0.86,6,7) 23:(0.91,191,210) 
970    1 4 35: 8:(0.40,2,5) 16:(0.14,1,7) 16:(0.14,1,7) 23:(0.31,11,35) 
971    1 4 35: 8:(0.40,2,5) 16:(0.14,1,7) 17:(0.29,2,7) 23:(0.17,6,35) 
972    1 4 35: 8:(0.40,2,5) 16:(0.14,1,7) 18:(0.43,3,7) 23:(0.03,1,35) 
973    2 4 35: 8:(0.40,2,5) 16:(0.14,1,7) 19:(0.57,4,7) 23:(0.89,31,35) 
974    2 4 35: 8:(0.40,2,5) 16:(0.14,1,7) 20:(0.71,5,7) 23:(0.74,26,35) 
975    1 4 35: 8:(0.40,2,5) 17:(0.29,2,7) 17:(0.29,2,7) 23:(0.03,1,35) 
976    2 4 35: 8:(0.40,2,5) 17:(0.29,2,7) 18:(0.43,3,7) 23:(0.89,31,35) 
977    2 4 35: 8:(0.40,2,5) 17:(0.29,2,7) 19:(0.57,4,7) 23:(0.74,26,35) 
978    2 4 35: 8:(0.40,2,5) 17:(0.29,2,7) 21:(0.86,6,7) 23:(0.46,16,35) 
979    2 4 35: 8:(0.40,2,5) 18:(0.43,3,7) 18:(0.43,3,7) 23:(0.74,26,35) 
980    2 4 35: 8:(0.40,2,5) 18:(0.43,3,7) 20:(0.71,5,7) 23:(0.46,16,35) 
981    2 4 35: 8:(0.40,2,5) 18:(0.43,3,7) 21:(0.86,6,7) 23:(0.31,11,35) 
982    2 4 35: 8:(0.40,2,5) 19:(0.57,4,7) 19:(0.57,4,7) 23:(0.46,16,35) 
983    2 4 35: 8:(0.40,2,5) 19:(0.57,4,7) 20:(0.71,5,7) 23:(0.31,11,35) 
984    2 4 35: 8:(0.40,2,5) 19:(0.57,4,7) 21:(0.86,6,7) 23:(0.17,6,35) 
985    2 4 35: 8:(0.40,2,5) 20:(0.71,5,7) 20:(0.71,5,7) 23:(0.17,6,35) 
986    2 4 35: 8:(0.40,2,5) 20:(0.71,5,7) 21:(0.86,6,7) 23:(0.03,1,35) 
987    3 4 35: 8:(0.40,2,5) 21:(0.86,6,7) 21:(0.86,6,7) 23:(0.89,31,35) 
988    2 4 30: 9:(0.60,3,5) 9:(0.60,3,5) 11:(0.17,1,6) 23:(0.63,19,30) 
989    2 4 30: 9:(0.60,3,5) 9:(0.60,3,5) 12:(0.33,2,6) 23:(0.47,14,30) 
990    2 4 30: 9:(0.60,3,5) 9:(0.60,3,5) 13:(0.50,3,6) 23:(0.30,9,30) 
991    2 4 30: 9:(0.60,3,5) 9:(0.60,3,5) 14:(0.67,4,6) 23:(0.13,4,30) 
992    3 4 30: 9:(0.60,3,5) 9:(0.60,3,5) 15:(0.83,5,6) 23:(0.97,29,30) 
993    2 4 35: 9:(0.60,3,5) 9:(0.60,3,5) 16:(0.14,1,7) 23:(0.66,23,35) 
994    2 4 35: 9:(0.60,3,5) 9:(0.60,3,5) 17:(0.29,2,7) 23:(0.51,18,35) 
995    2 4 35: 9:(0.60,3,5) 9:(0.60,3,5) 18:(0.43,3,7) 23:(0.37,13,35) 
996    2 4 35: 9:(0.60,3,5) 9:(0.60,3,5) 19:(0.57,4,7) 23:(0.23,8,35) 
997    2 4 35: 9:(0.60,3,5) 9:(0.60,3,5) 20:(0.71,5,7) 23:(0.09,3,35) 
998    3 4 35: 9:(0.60,3,5) 9:(0.60,3,5) 21:(0.86,6,7) 23:(0.94,33,35) 
999    2 4 30: 9:(0.60,3,5) 10:(0.80,4,5) 11:(0.17,1,6) 23:(0.43,13,30) 
1000    2 4 30: 9:(0.60,3,5) 10:(0.80,4,5) 12:(0.33,2,6) 23:(0.27,8,30) 
1001    2 4 30: 9:(0.60,3,5) 10:(0.80,4,5) 13:(0.50,3,6) 23:(0.10,3,30) 
1002    3 4 30: 9:(0.60,3,5) 10:(0.80,4,5) 14:(0.67,4,6) 23:(0.93,28,30) 
1003    3 4 30: 9:(0.60,3,5) 10:(0.80,4,5) 15:(0.83,5,6) 23:(0.77,23,30) 
1004    2 4 35: 9:(0.60,3,5) 10:(0.80,4,5) 16:(0.14,1,7) 23:(0.46,16,35) 
1005    2 4 35: 9:(0.60,3,5) 10:(0.80,4,5) 17:(0.29,2,7) 23:(0.31,11,35) 
1006    2 4 35: 9:(0.60,3,5) 10:(0.80,4,5) 18:(0.43,3,7) 23:(0.17,6,35) 
1007    2 4 35: 9:(0.60,3,5) 10:(0.80,4,5) 19:(0.57,4,7) 23:(0.03,1,35) 
1008    3 4 35: 9:(0.60,3,5) 10:(0.80,4,5) 20:(0.71,5,7) 23:(0.89,31,35) 
1009    3 4 35: 9:(0.60,3,5) 10:(0.80,4,5) 21:(0.86,6,7) 23:(0.74,26,35) 
1010    1 4 30: 9:(0.60,3,5) 11:(0.17,1,6) 11:(0.17,1,6) 23:(0.07,2,30) 
1011    2 4 30: 9:(0.60,3,5) 11:(0.17,1,6) 12:(0.33,2,6) 23:(0.90,27,30) 
1012    2 4 30: 9:(0.60,3,5) 11:(0.17,1,6) 13:(0.50,3,6) 23:(0.73,22,30) 
1013    2 4 30: 9:(0.60,3,5) 11:(0.17,1,6) 14:(0.67,4,6) 23:(0.57,17,30) 
1014    1 4 210: 9:(0.60,3,5) 11:(0.17,1,6) 16:(0.14,1,7) 23:(0.09,19,210) 
1015    2 4 210: 9:(0.60,3,5) 11:(0.17,1,6) 17:(0.29,2,7) 23:(0.95,199,210) 
1016    2 4 210: 9:(0.60,3,5) 11:(0.17,1,6) 18:(0.43,3,7) 23:(0.80,169,210) 
1017    2 4 210: 9:(0.60,3,5) 11:(0.17,1,6) 19:(0.57,4,7) 23:(0.66,139,210) 
1018    2 4 210: 9:(0.60,3,5) 11:(0.17,1,6) 20:(0.71,5,7) 23:(0.52,109,210) 
1019    2 4 210: 9:(0.60,3,5) 11:(0.17,1,6) 21:(0.86,6,7) 23:(0.38,79,210) 
1020    2 4 30: 9:(0.60,3,5) 12:(0.33,2,6) 12:(0.33,2,6) 23:(0.73,22,30) 
1021    2 4 30: 9:(0.60,3,5) 12:(0.33,2,6) 13:(0.50,3,6) 23:(0.57,17,30) 
1022    2 4 30: 9:(0.60,3,5) 12:(0.33,2,6) 15:(0.83,5,6) 23:(0.23,7,30) 
1023    2 4 210: 9:(0.60,3,5) 12:(0.33,2,6) 16:(0.14,1,7) 23:(0.92,194,210) 
1024    2 4 210: 9:(0.60,3,5) 12:(0.33,2,6) 17:(0.29,2,7) 23:(0.78,164,210) 
1025    2 4 210: 9:(0.60,3,5) 12:(0.33,2,6) 18:(0.43,3,7) 23:(0.64,134,210) 
1026    2 4 210: 9:(0.60,3,5) 12:(0.33,2,6) 19:(0.57,4,7) 23:(0.50,104,210) 
1027    2 4 210: 9:(0.60,3,5) 12:(0.33,2,6) 20:(0.71,5,7) 23:(0.35,74,210) 
1028    2 4 210: 9:(0.60,3,5) 12:(0.33,2,6) 21:(0.86,6,7) 23:(0.21,44,210) 
1029    2 4 30: 9:(0.60,3,5) 13:(0.50,3,6) 14:(0.67,4,6) 23:(0.23,7,30) 
1030    2 4 30: 9:(0.60,3,5) 13:(0.50,3,6) 15:(0.83,5,6) 23:(0.07,2,30) 
1031    2 4 210: 9:(0.60,3,5) 13:(0.50,3,6) 16:(0.14,1,7) 23:(0.76,159,210) 
1032    2 4 210: 9:(0.60,3,5) 13:(0.50,3,6) 17:(0.29,2,7) 23:(0.61,129,210) 
1033    2 4 210: 9:(0.60,3,5) 13:(0.50,3,6) 18:(0.43,3,7) 23:(0.47,99,210) 
1034    2 4 210: 9:(0.60,3,5) 13:(0.50,3,6) 19:(0.57,4,7) 23:(0.33,69,210) 
1035    2 4 210: 9:(0.60,3,5) 13:(0.50,3,6) 20:(0.71,5,7) 23:(0.19,39,210) 
1036    2 4 210: 9:(0.60,3,5) 13:(0.50,3,6) 21:(0.86,6,7) 23:(0.04,9,210) 
1037    2 4 30: 9:(0.60,3,5) 14:(0.67,4,6) 14:(0.67,4,6) 23:(0.07,2,30) 
1038    3 4 30: 9:(0.60,3,5) 14:(0.67,4,6) 15:(0.83,5,6) 23:(0.90,27,30) 
1039    2 4 210: 9:(0.60,3,5) 14:(0.67,4,6) 16:(0.14,1,7) 23:(0.59,124,210) 
1040    2 4 210: 9:(0.60,3,5) 14:(0.67,4,6) 17:(0.29,2,7) 23:(0.45,94,210) 
1041    2 4 210: 9:(0.60,3,5) 14:(0.67,4,6) 18:(0.43,3,7) 23:(0.30,64,210) 
1042    2 4 210: 9:(0.60,3,5) 14:(0.67,4,6) 19:(0.57,4,7) 23:(0.16,34,210) 
1043    2 4 210: 9:(0.60,3,5) 14:(0.67,4,6) 20:(0.71,5,7) 23:(0.02,4,210) 
1044    3 4 210: 9:(0.60,3,5) 14:(0.67,4,6) 21:(0.86,6,7) 23:(0.88,184,210) 
1045    3 4 30: 9:(0.60,3,5) 15:(0.83,5,6) 15:(0.83,5,6) 23:(0.73,22,30) 
1046    2 4 210: 9:(0.60,3,5) 15:(0.83,5,6) 16:(0.14,1,7) 23:(0.42,89,210) 
1047    2 4 210: 9:(0.60,3,5) 15:(0.83,5,6) 17:(0.29,2,7) 23:(0.28,59,210) 
1048    2 4 210: 9:(0.60,3,5) 15:(0.83,5,6) 18:(0.43,3,7) 23:(0.14,29,210) 
1049    3 4 210: 9:(0.60,3,5) 15:(0.83,5,6) 19:(0.57,4,7) 23:(1.00,209,210) 
1050    3 4 210: 9:(0.60,3,5) 15:(0.83,5,6) 20:(0.71,5,7) 23:(0.85,179,210) 
1051    3 4 210: 9:(0.60,3,5) 15:(0.83,5,6) 21:(0.86,6,7) 23:(0.71,149,210) 
1052    1 4 35: 9:(0.60,3,5) 16:(0.14,1,7) 16:(0.14,1,7) 23:(0.11,4,35) 
1053    2 4 35: 9:(0.60,3,5) 16:(0.14,1,7) 17:(0.29,2,7) 23:(0.97,34,35) 
1054    2 4 35: 9:(0.60,3,5) 16:(0.14,1,7) 18:(0.43,3,7) 23:(0.83,29,35) 
1055    2 4 35: 9:(0.60,3,5) 16:(0.14,1,7) 19:(0.57,4,7) 23:(0.69,24,35) 
1056    2 4 35: 9:(0.60,3,5) 16:(0.14,1,7) 20:(0.71,5,7) 23:(0.54,19,35) 
1057    2 4 35: 9:(0.60,3,5) 17:(0.29,2,7) 17:(0.29,2,7) 23:(0.83,29,35) 
1058    2 4 35: 9:(0.60,3,5) 17:(0.29,2,7) 18:(0.43,3,7) 23:(0.69,24,35) 
1059    2 4 35: 9:(0.60,3,5) 17:(0.29,2,7) 19:(0.57,4,7) 23:(0.54,19,35) 
1060    2 4 35: 9:(0.60,3,5) 17:(0.29,2,7) 21:(0.86,6,7) 23:(0.26,9,35) 
1061    2 4 35: 9:(0.60,3,5) 18:(0.43,3,7) 18:(0.43,3,7) 23:(0.54,19,35) 
1062    2 4 35: 9:(0.60,3,5) 18:(0.43,3,7) 20:(0.71,5,7) 23:(0.26,9,35) 
1063    2 4 35: 9:(0.60,3,5) 18:(0.43,3,7) 21:(0.86,6,7) 23:(0.11,4,35) 
1064    2 4 35: 9:(0.60,3,5) 19:(0.57,4,7) 19:(0.57,4,7) 23:(0.26,9,35) 
1065    2 4 35: 9:(0.60,3,5) 19:(0.57,4,7) 20:(0.71,5,7) 23:(0.11,4,35) 
1066    3 4 35: 9:(0.60,3,5) 19:(0.57,4,7) 21:(0.86,6,7) 23:(0.97,34,35) 
1067    3 4 35: 9:(0.60,3,5) 20:(0.71,5,7) 20:(0.71,5,7) 23:(0.97,34,35) 
1068    3 4 35: 9:(0.60,3,5) 20:(0.71,5,7) 21:(0.86,6,7) 23:(0.83,29,35) 
1069    3 4 35: 9:(0.60,3,5) 21:(0.86,6,7) 21:(0.86,6,7) 23:(0.69,24,35) 
1070    2 4 30: 10:(0.80,4,5) 10:(0.80,4,5) 11:(0.17,1,6) 23:(0.23,7,30) 
1071    2 4 30: 10:(0.80,4,5) 10:(0.80,4,5) 12:(0.33,2,6) 23:(0.07,2,30) 
1072    3 4 30: 10:(0.80,4,5) 10:(0.80,4,5) 13:(0.50,3,6) 23:(0.90,27,30) 
1073    3 4 30: 10:(0.80,4,5) 10:(0.80,4,5) 14:(0.67,4,6) 23:(0.73,22,30) 
1074    3 4 30: 10:(0.80,4,5) 10:(0.80,4,5) 15:(0.83,5,6) 23:(0.57,17,30) 
1075    2 4 35: 10:(0.80,4,5) 10:(0.80,4,5) 16:(0.14,1,7) 23:(0.26,9,35) 
1076    2 4 35: 10:(0.80,4,5) 10:(0.80,4,5) 17:(0.29,2,7) 23:(0.11,4,35) 
1077    3 4 35: 10:(0.80,4,5) 10:(0.80,4,5) 18:(0.43,3,7) 23:(0.97,34,35) 
1078    3 4 35: 10:(0.80,4,5) 10:(0.80,4,5) 19:(0.57,4,7) 23:(0.83,29,35) 
1079    3 4 35: 10:(0.80,4,5) 10:(0.80,4,5) 20:(0.71,5,7) 23:(0.69,24,35) 
1080    3 4 35: 10:(0.80,4,5) 10:(0.80,4,5) 21:(0.86,6,7) 23:(0.54,19,35) 
1081    2 4 30: 10:(0.80,4,5) 11:(0.17,1,6) 11:(0.17,1,6) 23:(0.87,26,30) 
1082    2 4 30: 10:(0.80,4,5) 11:(0.17,1,6) 12:(0.33,2,6) 23:(0.70,21,30) 
1083    2 4 30: 10:(0.80,4,5) 11:(0.17,1,6) 13:(0.50,3,6) 23:(0.53,16,30) 
1084    2 4 30: 10:(0.80,4,5) 11:(0.17,1,6) 14:(0.67,4,6) 23:(0.37,11,30) 
1085    2 4 210: 10:(0.80,4,5) 11:(0.17,1,6) 16:(0.14,1,7) 23:(0.89,187,210) 
1086    2 4 210: 10:(0.80,4,5) 11:(0.17,1,6) 17:(0.29,2,7) 23:(0.75,157,210) 
1087    2 4 210: 10:(0.80,4,5) 11:(0.17,1,6) 18:(0.43,3,7) 23:(0.60,127,210) 
1088    2 4 210: 10:(0.80,4,5) 11:(0.17,1,6) 19:(0.57,4,7) 23:(0.46,97,210) 
1089    2 4 210: 10:(0.80,4,5) 11:(0.17,1,6) 20:(0.71,5,7) 23:(0.32,67,210) 
1090    2 4 210: 10:(0.80,4,5) 11:(0.17,1,6) 21:(0.86,6,7) 23:(0.18,37,210) 
1091    2 4 30: 10:(0.80,4,5) 12:(0.33,2,6) 12:(0.33,2,6) 23:(0.53,16,30) 
1092    2 4 30: 10:(0.80,4,5) 12:(0.33,2,6) 13:(0.50,3,6) 23:(0.37,11,30) 
1093    2 4 30: 10:(0.80,4,5) 12:(0.33,2,6) 15:(0.83,5,6) 23:(0.03,1,30) 
1094    2 4 210: 10:(0.80,4,5) 12:(0.33,2,6) 16:(0.14,1,7) 23:(0.72,152,210) 
1095    2 4 210: 10:(0.80,4,5) 12:(0.33,2,6) 17:(0.29,2,7) 23:(0.58,122,210) 
1096    2 4 210: 10:(0.80,4,5) 12:(0.33,2,6) 18:(0.43,3,7) 23:(0.44,92,210) 
1097    2 4 210: 10:(0.80,4,5) 12:(0.33,2,6) 19:(0.57,4,7) 23:(0.30,62,210) 
1098    2 4 210: 10:(0.80,4,5) 12:(0.33,2,6) 20:(0.71,5,7) 23:(0.15,32,210) 
1099    2 4 210: 10:(0.80,4,5) 12:(0.33,2,6) 21:(0.86,6,7) 23:(0.01,2,210) 
1100    2 4 30: 10:(0.80,4,5) 13:(0.50,3,6) 14:(0.67,4,6) 23:(0.03,1,30) 
1101    3 4 30: 10:(0.80,4,5) 13:(0.50,3,6) 15:(0.83,5,6) 23:(0.87,26,30) 
1102    2 4 210: 10:(0.80,4,5) 13:(0.50,3,6) 16:(0.14,1,7) 23:(0.56,117,210) 
1103    2 4 210: 10:(0.80,4,5) 13:(0.50,3,6) 17:(0.29,2,7) 23:(0.41,87,210) 
1104    2 4 210: 10:(0.80,4,5) 13:(0.50,3,6) 18:(0.43,3,7) 23:(0.27,57,210) 
1105    2 4 210: 10:(0.80,4,5) 13:(0.50,3,6) 19:(0.57,4,7) 23:(0.13,27,210) 
1106    3 4 210: 10:(0.80,4,5) 13:(0.50,3,6) 20:(0.71,5,7) 23:(0.99,207,210) 
1107    3 4 210: 10:(0.80,4,5) 13:(0.50,3,6) 21:(0.86,6,7) 23:(0.84,177,210) 
1108    3 4 30: 10:(0.80,4,5) 14:(0.67,4,6) 14:(0.67,4,6) 23:(0.87,26,30) 
1109    3 4 30: 10:(0.80,4,5) 14:(0.67,4,6) 15:(0.83,5,6) 23:(0.70,21,30) 
1110    2 4 210: 10:(0.80,4,5) 14:(0.67,4,6) 16:(0.14,1,7) 23:(0.39,82,210) 
1111    2 4 210: 10:(0.80,4,5) 14:(0.67,4,6) 17:(0.29,2,7) 23:(0.25,52,210) 
1112    2 4 210: 10:(0.80,4,5) 14:(0.67,4,6) 18:(0.43,3,7) 23:(0.10,22,210) 
1113    3 4 210: 10:(0.80,4,5) 14:(0.67,4,6) 19:(0.57,4,7) 23:(0.96,202,210) 
1114    3 4 210: 10:(0.80,4,5) 14:(0.67,4,6) 20:(0.71,5,7) 23:(0.82,172,210) 
1115    3 4 210: 10:(0.80,4,5) 14:(0.67,4,6) 21:(0.86,6,7) 23:(0.68,142,210) 
1116    3 4 30: 10:(0.80,4,5) 15:(0.83,5,6) 15:(0.83,5,6) 23:(0.53,16,30) 
1117    2 4 210: 10:(0.80,4,5) 15:(0.83,5,6) 16:(0.14,1,7) 23:(0.22,47,210) 
1118    2 4 210: 10:(0.80,4,5) 15:(0.83,5,6) 17:(0.29,2,7) 23:(0.08,17,210) 
1119    3 4 210: 10:(0.80,4,5) 15:(0.83,5,6) 18:(0.43,3,7) 23:(0.94,197,210) 
1120    3 4 210: 10:(0.80,4,5) 15:(0.83,5,6) 19:(0.57,4,7) 23:(0.80,167,210) 
1121    3 4 210: 10:(0.80,4,5) 15:(0.83,5,6) 20:(0.71,5,7) 23:(0.65,137,210) 
1122    3 4 210: 10:(0.80,4,5) 15:(0.83,5,6) 21:(0.86,6,7) 23:(0.51,107,210) 
1123    2 4 35: 10:(0.80,4,5) 16:(0.14,1,7) 16:(0.14,1,7) 23:(0.91,32,35) 
1124    2 4 35: 10:(0.80,4,5) 16:(0.14,1,7) 17:(0.29,2,7) 23:(0.77,27,35) 
1125    2 4 35: 10:(0.80,4,5) 16:(0.14,1,7) 18:(0.43,3,7) 23:(0.63,22,35) 
1126    2 4 35: 10:(0.80,4,5) 16:(0.14,1,7) 19:(0.57,4,7) 23:(0.49,17,35) 
1127    2 4 35: 10:(0.80,4,5) 16:(0.14,1,7) 20:(0.71,5,7) 23:(0.34,12,35) 
1128    2 4 35: 10:(0.80,4,5) 17:(0.29,2,7) 17:(0.29,2,7) 23:(0.63,22,35) 
1129    2 4 35: 10:(0.80,4,5) 17:(0.29,2,7) 18:(0.43,3,7) 23:(0.49,17,35) 
1130    2 4 35: 10:(0.80,4,5) 17:(0.29,2,7) 19:(0.57,4,7) 23:(0.34,12,35) 
1131    2 4 35: 10:(0.80,4,5) 17:(0.29,2,7) 21:(0.86,6,7) 23:(0.06,2,35) 
1132    2 4 35: 10:(0.80,4,5) 18:(0.43,3,7) 18:(0.43,3,7) 23:(0.34,12,35) 
1133    2 4 35: 10:(0.80,4,5) 18:(0.43,3,7) 20:(0.71,5,7) 23:(0.06,2,35) 
1134    3 4 35: 10:(0.80,4,5) 18:(0.43,3,7) 21:(0.86,6,7) 23:(0.91,32,35) 
1135    2 4 35: 10:(0.80,4,5) 19:(0.57,4,7) 19:(0.57,4,7) 23:(0.06,2,35) 
1136    3 4 35: 10:(0.80,4,5) 19:(0.57,4,7) 20:(0.71,5,7) 23:(0.91,32,35) 
1137    3 4 35: 10:(0.80,4,5) 19:(0.57,4,7) 21:(0.86,6,7) 23:(0.77,27,35) 
1138    3 4 35: 10:(0.80,4,5) 20:(0.71,5,7) 20:(0.71,5,7) 23:(0.77,27,35) 
1139    3 4 35: 10:(0.80,4,5) 20:(0.71,5,7) 21:(0.86,6,7) 23:(0.63,22,35) 
1140    3 4 35: 10:(0.80,4,5) 21:(0.86,6,7) 21:(0.86,6,7) 23:(0.49,17,35) 
1141    1 4 42: 11:(0.17,1,6) 11:(0.17,1,6) 16:(0.14,1,7) 23:(0.52,22,42) 
1142    1 4 42: 11:(0.17,1,6) 11:(0.17,1,6) 17:(0.29,2,7) 23:(0.38,16,42) 
1143    1 4 42: 11:(0.17,1,6) 11:(0.17,1,6) 18:(0.43,3,7) 23:(0.24,10,42) 
1144    1 4 42: 11:(0.17,1,6) 11:(0.17,1,6) 19:(0.57,4,7) 23:(0.10,4,42) 
1145    2 4 42: 11:(0.17,1,6) 11:(0.17,1,6) 20:(0.71,5,7) 23:(0.95,40,42) 
1146    2 4 42: 11:(0.17,1,6) 11:(0.17,1,6) 21:(0.86,6,7) 23:(0.81,34,42) 
1147    1 4 42: 11:(0.17,1,6) 12:(0.33,2,6) 16:(0.14,1,7) 23:(0.36,15,42) 
1148    1 4 42: 11:(0.17,1,6) 12:(0.33,2,6) 17:(0.29,2,7) 23:(0.21,9,42) 
1149    1 4 42: 11:(0.17,1,6) 12:(0.33,2,6) 18:(0.43,3,7) 23:(0.07,3,42) 
1150    2 4 42: 11:(0.17,1,6) 12:(0.33,2,6) 19:(0.57,4,7) 23:(0.93,39,42) 
1151    2 4 42: 11:(0.17,1,6) 12:(0.33,2,6) 20:(0.71,5,7) 23:(0.79,33,42) 
1152    2 4 42: 11:(0.17,1,6) 12:(0.33,2,6) 21:(0.86,6,7) 23:(0.64,27,42) 
1153    1 4 42: 11:(0.17,1,6) 13:(0.50,3,6) 16:(0.14,1,7) 23:(0.19,8,42) 
1154    1 4 42: 11:(0.17,1,6) 13:(0.50,3,6) 17:(0.29,2,7) 23:(0.05,2,42) 
1155    2 4 42: 11:(0.17,1,6) 13:(0.50,3,6) 18:(0.43,3,7) 23:(0.90,38,42) 
1156    2 4 42: 11:(0.17,1,6) 13:(0.50,3,6) 19:(0.57,4,7) 23:(0.76,32,42) 
1157    2 4 42: 11:(0.17,1,6) 13:(0.50,3,6) 20:(0.71,5,7) 23:(0.62,26,42) 
1158    2 4 42: 11:(0.17,1,6) 13:(0.50,3,6) 21:(0.86,6,7) 23:(0.48,20,42) 
1159    1 4 42: 11:(0.17,1,6) 14:(0.67,4,6) 16:(0.14,1,7) 23:(0.02,1,42) 
1160    2 4 42: 11:(0.17,1,6) 14:(0.67,4,6) 17:(0.29,2,7) 23:(0.88,37,42) 
1161    2 4 42: 11:(0.17,1,6) 14:(0.67,4,6) 18:(0.43,3,7) 23:(0.74,31,42) 
1162    2 4 42: 11:(0.17,1,6) 14:(0.67,4,6) 19:(0.57,4,7) 23:(0.60,25,42) 
1163    2 4 42: 11:(0.17,1,6) 14:(0.67,4,6) 20:(0.71,5,7) 23:(0.45,19,42) 
1164    2 4 42: 11:(0.17,1,6) 14:(0.67,4,6) 21:(0.86,6,7) 23:(0.31,13,42) 
1165    1 4 42: 11:(0.17,1,6) 16:(0.14,1,7) 16:(0.14,1,7) 23:(0.55,23,42) 
1166    1 4 42: 11:(0.17,1,6) 16:(0.14,1,7) 17:(0.29,2,7) 23:(0.40,17,42) 
1167    1 4 42: 11:(0.17,1,6) 16:(0.14,1,7) 18:(0.43,3,7) 23:(0.26,11,42) 
1168    1 4 42: 11:(0.17,1,6) 16:(0.14,1,7) 19:(0.57,4,7) 23:(0.12,5,42) 
1169    2 4 42: 11:(0.17,1,6) 16:(0.14,1,7) 20:(0.71,5,7) 23:(0.98,41,42) 
1170    1 4 42: 11:(0.17,1,6) 17:(0.29,2,7) 17:(0.29,2,7) 23:(0.26,11,42) 
1171    1 4 42: 11:(0.17,1,6) 17:(0.29,2,7) 18:(0.43,3,7) 23:(0.12,5,42) 
1172    2 4 42: 11:(0.17,1,6) 17:(0.29,2,7) 19:(0.57,4,7) 23:(0.98,41,42) 
1173    2 4 42: 11:(0.17,1,6) 17:(0.29,2,7) 21:(0.86,6,7) 23:(0.69,29,42) 
1174    2 4 42: 11:(0.17,1,6) 18:(0.43,3,7) 18:(0.43,3,7) 23:(0.98,41,42) 
1175    2 4 42: 11:(0.17,1,6) 18:(0.43,3,7) 20:(0.71,5,7) 23:(0.69,29,42) 
1176    2 4 42: 11:(0.17,1,6) 18:(0.43,3,7) 21:(0.86,6,7) 23:(0.55,23,42) 
1177    2 4 42: 11:(0.17,1,6) 19:(0.57,4,7) 19:(0.57,4,7) 23:(0.69,29,42) 
1178    2 4 42: 11:(0.17,1,6) 19:(0.57,4,7) 20:(0.71,5,7) 23:(0.55,23,42) 
1179    2 4 42: 11:(0.17,1,6) 19:(0.57,4,7) 21:(0.86,6,7) 23:(0.40,17,42) 
1180    2 4 42: 11:(0.17,1,6) 20:(0.71,5,7) 20:(0.71,5,7) 23:(0.40,17,42) 
1181    2 4 42: 11:(0.17,1,6) 20:(0.71,5,7) 21:(0.86,6,7) 23:(0.26,11,42) 
1182    2 4 42: 11:(0.17,1,6) 21:(0.86,6,7) 21:(0.86,6,7) 23:(0.12,5,42) 
1183    1 4 42: 12:(0.33,2,6) 12:(0.33,2,6) 16:(0.14,1,7) 23:(0.19,8,42) 
1184    1 4 42: 12:(0.33,2,6) 12:(0.33,2,6) 17:(0.29,2,7) 23:(0.05,2,42) 
1185    2 4 42: 12:(0.33,2,6) 12:(0.33,2,6) 18:(0.43,3,7) 23:(0.90,38,42) 
1186    2 4 42: 12:(0.33,2,6) 12:(0.33,2,6) 19:(0.57,4,7) 23:(0.76,32,42) 
1187    2 4 42: 12:(0.33,2,6) 12:(0.33,2,6) 20:(0.71,5,7) 23:(0.62,26,42) 
1188    2 4 42: 12:(0.33,2,6) 12:(0.33,2,6) 21:(0.86,6,7) 23:(0.48,20,42) 
1189    1 4 42: 12:(0.33,2,6) 13:(0.50,3,6) 16:(0.14,1,7) 23:(0.02,1,42) 
1190    2 4 42: 12:(0.33,2,6) 13:(0.50,3,6) 17:(0.29,2,7) 23:(0.88,37,42) 
1191    2 4 42: 12:(0.33,2,6) 13:(0.50,3,6) 18:(0.43,3,7) 23:(0.74,31,42) 
1192    2 4 42: 12:(0.33,2,6) 13:(0.50,3,6) 19:(0.57,4,7) 23:(0.60,25,42) 
1193    2 4 42: 12:(0.33,2,6) 13:(0.50,3,6) 20:(0.71,5,7) 23:(0.45,19,42) 
1194    2 4 42: 12:(0.33,2,6) 13:(0.50,3,6) 21:(0.86,6,7) 23:(0.31,13,42) 
1195    2 4 42: 12:(0.33,2,6) 15:(0.83,5,6) 16:(0.14,1,7) 23:(0.69,29,42) 
1196    2 4 42: 12:(0.33,2,6) 15:(0.83,5,6) 17:(0.29,2,7) 23:(0.55,23,42) 
1197    2 4 42: 12:(0.33,2,6) 15:(0.83,5,6) 18:(0.43,3,7) 23:(0.40,17,42) 
1198    2 4 42: 12:(0.33,2,6) 15:(0.83,5,6) 19:(0.57,4,7) 23:(0.26,11,42) 
1199    2 4 42: 12:(0.33,2,6) 15:(0.83,5,6) 20:(0.71,5,7) 23:(0.12,5,42) 
1200    3 4 42: 12:(0.33,2,6) 15:(0.83,5,6) 21:(0.86,6,7) 23:(0.98,41,42) 
1201    1 4 42: 12:(0.33,2,6) 16:(0.14,1,7) 16:(0.14,1,7) 23:(0.38,16,42) 
1202    1 4 42: 12:(0.33,2,6) 16:(0.14,1,7) 17:(0.29,2,7) 23:(0.24,10,42) 
1203    1 4 42: 12:(0.33,2,6) 16:(0.14,1,7) 18:(0.43,3,7) 23:(0.10,4,42) 
1204    2 4 42: 12:(0.33,2,6) 16:(0.14,1,7) 19:(0.57,4,7) 23:(0.95,40,42) 
1205    2 4 42: 12:(0.33,2,6) 16:(0.14,1,7) 20:(0.71,5,7) 23:(0.81,34,42) 
1206    1 4 42: 12:(0.33,2,6) 17:(0.29,2,7) 17:(0.29,2,7) 23:(0.10,4,42) 
1207    2 4 42: 12:(0.33,2,6) 17:(0.29,2,7) 18:(0.43,3,7) 23:(0.95,40,42) 
1208    2 4 42: 12:(0.33,2,6) 17:(0.29,2,7) 19:(0.57,4,7) 23:(0.81,34,42) 
1209    2 4 42: 12:(0.33,2,6) 17:(0.29,2,7) 21:(0.86,6,7) 23:(0.52,22,42) 
1210    2 4 42: 12:(0.33,2,6) 18:(0.43,3,7) 18:(0.43,3,7) 23:(0.81,34,42) 
1211    2 4 42: 12:(0.33,2,6) 18:(0.43,3,7) 20:(0.71,5,7) 23:(0.52,22,42) 
1212    2 4 42: 12:(0.33,2,6) 18:(0.43,3,7) 21:(0.86,6,7) 23:(0.38,16,42) 
1213    2 4 42: 12:(0.33,2,6) 19:(0.57,4,7) 19:(0.57,4,7) 23:(0.52,22,42) 
1214    2 4 42: 12:(0.33,2,6) 19:(0.57,4,7) 20:(0.71,5,7) 23:(0.38,16,42) 
1215    2 4 42: 12:(0.33,2,6) 19:(0.57,4,7) 21:(0.86,6,7) 23:(0.24,10,42) 
1216    2 4 42: 12:(0.33,2,6) 20:(0.71,5,7) 20:(0.71,5,7) 23:(0.24,10,42) 
1217    2 4 42: 12:(0.33,2,6) 20:(0.71,5,7) 21:(0.86,6,7) 23:(0.10,4,42) 
1218    3 4 42: 12:(0.33,2,6) 21:(0.86,6,7) 21:(0.86,6,7) 23:(0.95,40,42) 
1219    2 4 42: 13:(0.50,3,6) 14:(0.67,4,6) 16:(0.14,1,7) 23:(0.69,29,42) 
1220    2 4 42: 13:(0.50,3,6) 14:(0.67,4,6) 17:(0.29,2,7) 23:(0.55,23,42) 
1221    2 4 42: 13:(0.50,3,6) 14:(0.67,4,6) 18:(0.43,3,7) 23:(0.40,17,42) 
1222    2 4 42: 13:(0.50,3,6) 14:(0.67,4,6) 19:(0.57,4,7) 23:(0.26,11,42) 
1223    2 4 42: 13:(0.50,3,6) 14:(0.67,4,6) 20:(0.71,5,7) 23:(0.12,5,42) 
1224    3 4 42: 13:(0.50,3,6) 14:(0.67,4,6) 21:(0.86,6,7) 23:(0.98,41,42) 
1225    2 4 42: 13:(0.50,3,6) 15:(0.83,5,6) 16:(0.14,1,7) 23:(0.52,22,42) 
1226    2 4 42: 13:(0.50,3,6) 15:(0.83,5,6) 17:(0.29,2,7) 23:(0.38,16,42) 
1227    2 4 42: 13:(0.50,3,6) 15:(0.83,5,6) 18:(0.43,3,7) 23:(0.24,10,42) 
1228    2 4 42: 13:(0.50,3,6) 15:(0.83,5,6) 19:(0.57,4,7) 23:(0.10,4,42) 
1229    3 4 42: 13:(0.50,3,6) 15:(0.83,5,6) 20:(0.71,5,7) 23:(0.95,40,42) 
1230    3 4 42: 13:(0.50,3,6) 15:(0.83,5,6) 21:(0.86,6,7) 23:(0.81,34,42) 
1231    1 4 42: 13:(0.50,3,6) 16:(0.14,1,7) 16:(0.14,1,7) 23:(0.21,9,42) 
1232    1 4 42: 13:(0.50,3,6) 16:(0.14,1,7) 17:(0.29,2,7) 23:(0.07,3,42) 
1233    2 4 42: 13:(0.50,3,6) 16:(0.14,1,7) 18:(0.43,3,7) 23:(0.93,39,42) 
1234    2 4 42: 13:(0.50,3,6) 16:(0.14,1,7) 19:(0.57,4,7) 23:(0.79,33,42) 
1235    2 4 42: 13:(0.50,3,6) 16:(0.14,1,7) 20:(0.71,5,7) 23:(0.64,27,42) 
1236    2 4 42: 13:(0.50,3,6) 17:(0.29,2,7) 17:(0.29,2,7) 23:(0.93,39,42) 
1237    2 4 42: 13:(0.50,3,6) 17:(0.29,2,7) 18:(0.43,3,7) 23:(0.79,33,42) 
1238    2 4 42: 13:(0.50,3,6) 17:(0.29,2,7) 19:(0.57,4,7) 23:(0.64,27,42) 
1239    2 4 42: 13:(0.50,3,6) 17:(0.29,2,7) 21:(0.86,6,7) 23:(0.36,15,42) 
1240    2 4 42: 13:(0.50,3,6) 18:(0.43,3,7) 18:(0.43,3,7) 23:(0.64,27,42) 
1241    2 4 42: 13:(0.50,3,6) 18:(0.43,3,7) 20:(0.71,5,7) 23:(0.36,15,42) 
1242    2 4 42: 13:(0.50,3,6) 18:(0.43,3,7) 21:(0.86,6,7) 23:(0.21,9,42) 
1243    2 4 42: 13:(0.50,3,6) 19:(0.57,4,7) 19:(0.57,4,7) 23:(0.36,15,42) 
1244    2 4 42: 13:(0.50,3,6) 19:(0.57,4,7) 20:(0.71,5,7) 23:(0.21,9,42) 
1245    2 4 42: 13:(0.50,3,6) 19:(0.57,4,7) 21:(0.86,6,7) 23:(0.07,3,42) 
1246    2 4 42: 13:(0.50,3,6) 20:(0.71,5,7) 20:(0.71,5,7) 23:(0.07,3,42) 
1247    3 4 42: 13:(0.50,3,6) 20:(0.71,5,7) 21:(0.86,6,7) 23:(0.93,39,42) 
1248    3 4 42: 13:(0.50,3,6) 21:(0.86,6,7) 21:(0.86,6,7) 23:(0.79,33,42) 
1249    2 4 42: 14:(0.67,4,6) 14:(0.67,4,6) 16:(0.14,1,7) 23:(0.52,22,42) 
1250    2 4 42: 14:(0.67,4,6) 14:(0.67,4,6) 17:(0.29,2,7) 23:(0.38,16,42) 
1251    2 4 42: 14:(0.67,4,6) 14:(0.67,4,6) 18:(0.43,3,7) 23:(0.24,10,42) 
1252    2 4 42: 14:(0.67,4,6) 14:(0.67,4,6) 19:(0.57,4,7) 23:(0.10,4,42) 
1253    3 4 42: 14:(0.67,4,6) 14:(0.67,4,6) 20:(0.71,5,7) 23:(0.95,40,42) 
1254    3 4 42: 14:(0.67,4,6) 14:(0.67,4,6) 21:(0.86,6,7) 23:(0.81,34,42) 
1255    2 4 42: 14:(0.67,4,6) 15:(0.83,5,6) 16:(0.14,1,7) 23:(0.36,15,42) 
1256    2 4 42: 14:(0.67,4,6) 15:(0.83,5,6) 17:(0.29,2,7) 23:(0.21,9,42) 
1257    2 4 42: 14:(0.67,4,6) 15:(0.83,5,6) 18:(0.43,3,7) 23:(0.07,3,42) 
1258    3 4 42: 14:(0.67,4,6) 15:(0.83,5,6) 19:(0.57,4,7) 23:(0.93,39,42) 
1259    3 4 42: 14:(0.67,4,6) 15:(0.83,5,6) 20:(0.71,5,7) 23:(0.79,33,42) 
1260    3 4 42: 14:(0.67,4,6) 15:(0.83,5,6) 21:(0.86,6,7) 23:(0.64,27,42) 
1261    1 4 42: 14:(0.67,4,6) 16:(0.14,1,7) 16:(0.14,1,7) 23:(0.05,2,42) 
1262    2 4 42: 14:(0.67,4,6) 16:(0.14,1,7) 17:(0.29,2,7) 23:(0.90,38,42) 
1263    2 4 42: 14:(0.67,4,6) 16:(0.14,1,7) 18:(0.43,3,7) 23:(0.76,32,42) 
1264    2 4 42: 14:(0.67,4,6) 16:(0.14,1,7) 19:(0.57,4,7) 23:(0.62,26,42) 
1265    2 4 42: 14:(0.67,4,6) 16:(0.14,1,7) 20:(0.71,5,7) 23:(0.48,20,42) 
1266    2 4 42: 14:(0.67,4,6) 17:(0.29,2,7) 17:(0.29,2,7) 23:(0.76,32,42) 
1267    2 4 42: 14:(0.67,4,6) 17:(0.29,2,7) 18:(0.43,3,7) 23:(0.62,26,42) 
1268    2 4 42: 14:(0.67,4,6) 17:(0.29,2,7) 19:(0.57,4,7) 23:(0.48,20,42) 
1269    2 4 42: 14:(0.67,4,6) 17:(0.29,2,7) 21:(0.86,6,7) 23:(0.19,8,42) 
1270    2 4 42: 14:(0.67,4,6) 18:(0.43,3,7) 18:(0.43,3,7) 23:(0.48,20,42) 
1271    2 4 42: 14:(0.67,4,6) 18:(0.43,3,7) 20:(0.71,5,7) 23:(0.19,8,42) 
1272    2 4 42: 14:(0.67,4,6) 18:(0.43,3,7) 21:(0.86,6,7) 23:(0.05,2,42) 
1273    2 4 42: 14:(0.67,4,6) 19:(0.57,4,7) 19:(0.57,4,7) 23:(0.19,8,42) 
1274    2 4 42: 14:(0.67,4,6) 19:(0.57,4,7) 20:(0.71,5,7) 23:(0.05,2,42) 
1275    3 4 42: 14:(0.67,4,6) 19:(0.57,4,7) 21:(0.86,6,7) 23:(0.90,38,42) 
1276    3 4 42: 14:(0.67,4,6) 20:(0.71,5,7) 20:(0.71,5,7) 23:(0.90,38,42) 
1277    3 4 42: 14:(0.67,4,6) 20:(0.71,5,7) 21:(0.86,6,7) 23:(0.76,32,42) 
1278    3 4 42: 14:(0.67,4,6) 21:(0.86,6,7) 21:(0.86,6,7) 23:(0.62,26,42) 
1279    2 4 42: 15:(0.83,5,6) 15:(0.83,5,6) 16:(0.14,1,7) 23:(0.19,8,42) 
1280    2 4 42: 15:(0.83,5,6) 15:(0.83,5,6) 17:(0.29,2,7) 23:(0.05,2,42) 
1281    3 4 42: 15:(0.83,5,6) 15:(0.83,5,6) 18:(0.43,3,7) 23:(0.90,38,42) 
1282    3 4 42: 15:(0.83,5,6) 15:(0.83,5,6) 19:(0.57,4,7) 23:(0.76,32,42) 
1283    3 4 42: 15:(0.83,5,6) 15:(0.83,5,6) 20:(0.71,5,7) 23:(0.62,26,42) 
1284    3 4 42: 15:(0.83,5,6) 15:(0.83,5,6) 21:(0.86,6,7) 23:(0.48,20,42) 
1285    2 4 42: 15:(0.83,5,6) 16:(0.14,1,7) 16:(0.14,1,7) 23:(0.88,37,42) 
1286    2 4 42: 15:(0.83,5,6) 16:(0.14,1,7) 17:(0.29,2,7) 23:(0.74,31,42) 
1287    2 4 42: 15:(0.83,5,6) 16:(0.14,1,7) 18:(0.43,3,7) 23:(0.60,25,42) 
1288    2 4 42: 15:(0.83,5,6) 16:(0.14,1,7) 19:(0.57,4,7) 23:(0.45,19,42) 
1289    2 4 42: 15:(0.83,5,6) 16:(0.14,1,7) 20:(0.71,5,7) 23:(0.31,13,42) 
1290    2 4 42: 15:(0.83,5,6) 17:(0.29,2,7) 17:(0.29,2,7) 23:(0.60,25,42) 
1291    2 4 42: 15:(0.83,5,6) 17:(0.29,2,7) 18:(0.43,3,7) 23:(0.45,19,42) 
1292    2 4 42: 15:(0.83,5,6) 17:(0.29,2,7) 19:(0.57,4,7) 23:(0.31,13,42) 
1293    2 4 42: 15:(0.83,5,6) 17:(0.29,2,7) 21:(0.86,6,7) 23:(0.02,1,42) 
1294    2 4 42: 15:(0.83,5,6) 18:(0.43,3,7) 18:(0.43,3,7) 23:(0.31,13,42) 
1295    2 4 42: 15:(0.83,5,6) 18:(0.43,3,7) 20:(0.71,5,7) 23:(0.02,1,42) 
1296    3 4 42: 15:(0.83,5,6) 18:(0.43,3,7) 21:(0.86,6,7) 23:(0.88,37,42) 
1297    2 4 42: 15:(0.83,5,6) 19:(0.57,4,7) 19:(0.57,4,7) 23:(0.02,1,42) 
1298    3 4 42: 15:(0.83,5,6) 19:(0.57,4,7) 20:(0.71,5,7) 23:(0.88,37,42) 
1299    3 4 42: 15:(0.83,5,6) 19:(0.57,4,7) 21:(0.86,6,7) 23:(0.74,31,42) 
1300    3 4 42: 15:(0.83,5,6) 20:(0.71,5,7) 20:(0.71,5,7) 23:(0.74,31,42) 
1301    3 4 42: 15:(0.83,5,6) 20:(0.71,5,7) 21:(0.86,6,7) 23:(0.60,25,42) 
1302    3 4 42: 15:(0.83,5,6) 21:(0.86,6,7) 21:(0.86,6,7) 23:(0.45,19,42) 
1303    2 4 6: 1:(0.50,1,2) 2:(0.33,1,3) 2:(0.33,1,3) 15:(0.83,5,6) 
1304    2 4 6: 1:(0.50,1,2) 2:(0.33,1,3) 12:(0.33,2,6) 15:(0.83,5,6) 
1305    2 4 6: 1:(0.50,1,2) 3:(0.67,2,3) 3:(0.67,2,3) 11:(0.17,1,6) 
1306    2 4 6: 1:(0.50,1,2) 3:(0.67,2,3) 11:(0.17,1,6) 14:(0.67,4,6) 
1307    1 4 6: 1:(0.50,1,2) 11:(0.17,1,6) 11:(0.17,1,6) 11:(0.17,1,6) 
1308    2 4 6: 1:(0.50,1,2) 11:(0.17,1,6) 14:(0.67,4,6) 14:(0.67,4,6) 
1309    2 4 6: 1:(0.50,1,2) 12:(0.33,2,6) 12:(0.33,2,6) 15:(0.83,5,6) 
1310    3 4 6: 1:(0.50,1,2) 15:(0.83,5,6) 15:(0.83,5,6) 15:(0.83,5,6) 
1311    2 4 12: 2:(0.33,1,3) 2:(0.33,1,3) 5:(0.50,2,4) 15:(0.83,5,6) 
1312    1 4 6: 2:(0.33,1,3) 2:(0.33,1,3) 11:(0.17,1,6) 11:(0.17,1,6) 
1313    2 4 6: 2:(0.33,1,3) 2:(0.33,1,3) 13:(0.50,3,6) 15:(0.83,5,6) 
1314    1 4 12: 2:(0.33,1,3) 4:(0.25,1,4) 4:(0.25,1,4) 11:(0.17,1,6) 
1315    2 4 12: 2:(0.33,1,3) 5:(0.50,2,4) 12:(0.33,2,6) 15:(0.83,5,6) 
1316    2 4 12: 2:(0.33,1,3) 6:(0.75,3,4) 6:(0.75,3,4) 11:(0.17,1,6) 
1317    1 4 6: 2:(0.33,1,3) 11:(0.17,1,6) 11:(0.17,1,6) 12:(0.33,2,6) 
1318    2 4 6: 2:(0.33,1,3) 12:(0.33,2,6) 13:(0.50,3,6) 15:(0.83,5,6) 
1319    2 4 12: 3:(0.67,2,3) 3:(0.67,2,3) 5:(0.50,2,4) 11:(0.17,1,6) 
1320    2 4 6: 3:(0.67,2,3) 3:(0.67,2,3) 11:(0.17,1,6) 13:(0.50,3,6) 
1321    3 4 6: 3:(0.67,2,3) 3:(0.67,2,3) 15:(0.83,5,6) 15:(0.83,5,6) 
1322    2 4 12: 3:(0.67,2,3) 4:(0.25,1,4) 4:(0.25,1,4) 15:(0.83,5,6) 
1323    2 4 12: 3:(0.67,2,3) 5:(0.50,2,4) 11:(0.17,1,6) 14:(0.67,4,6) 
1324    3 4 12: 3:(0.67,2,3) 6:(0.75,3,4) 6:(0.75,3,4) 15:(0.83,5,6) 
1325    2 4 6: 3:(0.67,2,3) 11:(0.17,1,6) 13:(0.50,3,6) 14:(0.67,4,6) 
1326    3 4 6: 3:(0.67,2,3) 14:(0.67,4,6) 15:(0.83,5,6) 15:(0.83,5,6) 
1327    1 4 4: 4:(0.25,1,4) 4:(0.25,1,4) 4:(0.25,1,4) 4:(0.25,1,4) 
1328    1 4 12: 4:(0.25,1,4) 4:(0.25,1,4) 11:(0.17,1,6) 12:(0.33,2,6) 
1329    2 4 12: 4:(0.25,1,4) 4:(0.25,1,4) 14:(0.67,4,6) 15:(0.83,5,6) 
1330    1 4 12: 5:(0.50,2,4) 11:(0.17,1,6) 11:(0.17,1,6) 11:(0.17,1,6) 
1331    2 4 12: 5:(0.50,2,4) 11:(0.17,1,6) 14:(0.67,4,6) 14:(0.67,4,6) 
1332    2 4 12: 5:(0.50,2,4) 12:(0.33,2,6) 12:(0.33,2,6) 15:(0.83,5,6) 
1333    3 4 12: 5:(0.50,2,4) 15:(0.83,5,6) 15:(0.83,5,6) 15:(0.83,5,6) 
1334    3 4 4: 6:(0.75,3,4) 6:(0.75,3,4) 6:(0.75,3,4) 6:(0.75,3,4) 
1335    2 4 12: 6:(0.75,3,4) 6:(0.75,3,4) 11:(0.17,1,6) 12:(0.33,2,6) 
1336    3 4 12: 6:(0.75,3,4) 6:(0.75,3,4) 14:(0.67,4,6) 15:(0.83,5,6) 
1337    1 4 5: 7:(0.20,1,5) 7:(0.20,1,5) 7:(0.20,1,5) 8:(0.40,2,5) 
1338    2 4 5: 7:(0.20,1,5) 9:(0.60,3,5) 9:(0.60,3,5) 9:(0.60,3,5) 
1339    2 4 5: 8:(0.40,2,5) 8:(0.40,2,5) 8:(0.40,2,5) 10:(0.80,4,5) 
1340    3 4 5: 9:(0.60,3,5) 10:(0.80,4,5) 10:(0.80,4,5) 10:(0.80,4,5) 
1341    1 4 6: 11:(0.17,1,6) 11:(0.17,1,6) 11:(0.17,1,6) 13:(0.50,3,6) 
1342    1 4 6: 11:(0.17,1,6) 11:(0.17,1,6) 12:(0.33,2,6) 12:(0.33,2,6) 
1343    2 4 6: 11:(0.17,1,6) 13:(0.50,3,6) 14:(0.67,4,6) 14:(0.67,4,6) 
1344    2 4 6: 12:(0.33,2,6) 12:(0.33,2,6) 13:(0.50,3,6) 15:(0.83,5,6) 
1345    3 4 6: 13:(0.50,3,6) 15:(0.83,5,6) 15:(0.83,5,6) 15:(0.83,5,6) 
1346    3 4 6: 14:(0.67,4,6) 14:(0.67,4,6) 15:(0.83,5,6) 15:(0.83,5,6) 
1347    1 4 7: 16:(0.14,1,7) 16:(0.14,1,7) 16:(0.14,1,7) 19:(0.57,4,7) 
1348    1 4 7: 16:(0.14,1,7) 16:(0.14,1,7) 17:(0.29,2,7) 18:(0.43,3,7) 
1349    1 4 7: 16:(0.14,1,7) 17:(0.29,2,7) 17:(0.29,2,7) 17:(0.29,2,7) 
1350    2 4 7: 16:(0.14,1,7) 18:(0.43,3,7) 20:(0.71,5,7) 20:(0.71,5,7) 
1351    2 4 7: 16:(0.14,1,7) 19:(0.57,4,7) 19:(0.57,4,7) 20:(0.71,5,7) 
1352    2 4 7: 17:(0.29,2,7) 17:(0.29,2,7) 19:(0.57,4,7) 21:(0.86,6,7) 
1353    2 4 7: 17:(0.29,2,7) 18:(0.43,3,7) 18:(0.43,3,7) 21:(0.86,6,7) 
1354    2 4 7: 17:(0.29,2,7) 19:(0.57,4,7) 19:(0.57,4,7) 19:(0.57,4,7) 
1355    2 4 7: 18:(0.43,3,7) 18:(0.43,3,7) 18:(0.43,3,7) 20:(0.71,5,7) 
1356    3 4 7: 18:(0.43,3,7) 21:(0.86,6,7) 21:(0.86,6,7) 21:(0.86,6,7) 
1357    3 4 7: 19:(0.57,4,7) 20:(0.71,5,7) 21:(0.86,6,7) 21:(0.86,6,7) 
1358    3 4 7: 20:(0.71,5,7) 20:(0.71,5,7) 20:(0.71,5,7) 21:(0.86,6,7) 
